1 2.2096e-19 3.72443e-20 0 -1.27615e-19 1 -2.34949e-19 0 4.86728e-20 1.17471e-18 1 0
0.999999 0.000371312 0.000944373 0.0042132 -0.000367656 0.999992 -0.00386922 -0.00489148 -0.000945802 0.00386887 0.999992 0.761826
0.999999 -0.000899866 0.00124605 0.00969357 0.000905817 0.999988 -0.00478304 -0.0045779 -0.00124173 0.00478417 0.999988 1.67349
0.999999 -0.00120334 0.000960122 0.00718871 0.0012046 0.999998 -0.00132084 -0.016784 -0.000958531 0.00132199 0.999999 2.80592
0.999994 -0.00352257 0.000544722 0.00726644 0.00352051 0.999987 0.00372971 -0.0141281 -0.000557853 -0.00372776 0.999993 3.75868
0.999976 -0.00680852 -0.000978058 0.013202 0.00681262 0.999968 0.00424979 -0.0147161 0.000949092 -0.00425635 0.99999 4.68872
0.999959 -0.00891108 -0.00186794 0.0116293 0.00891411 0.999959 0.00161961 -0.0209653 0.00185344 -0.0016362 0.999997 5.61423
0.999959 -0.00884313 -0.00210593 0.00523074 0.00884037 0.99996 -0.00132061 -0.0245453 0.00211752 0.00130194 0.999997 6.5294
0.999957 -0.00866803 -0.00321105 0.00283854 0.00866192 0.999961 -0.00191397 -0.0291429 0.00322751 0.00188608 0.999993 7.44045
0.999953 -0.00870601 -0.00419538 -0.00668368 0.00870467 0.999962 -0.00033927 -0.0298589 0.00419818 0.000302735 0.999991 8.36299
0.999944 -0.00925927 -0.00503116 -0.0117408 0.00926985 0.999955 0.00208404 -0.0282324 0.00501164 -0.00213056 0.999985 9.27758
0.999938 -0.00957754 -0.00563505 -0.0209605 0.00959972 0.999946 0.00392295 -0.0314972 0.00559718 -0.00397681 0.999976 10.1866
0.999923 -0.0106172 -0.00643858 -0.0211966 0.010646 0.999933 0.00445966 -0.0257205 0.0063908 -0.00452787 0.999969 11.0927
0.999919 -0.0103919 -0.00740545 -0.0270038 0.0104263 0.999935 0.00462253 -0.0251985 0.00735693 -0.00469936 0.999962 11.9838
0.999903 -0.0106659 -0.00899968 -0.0307144 0.0106938 0.999938 0.00306121 -0.0192163 0.00896647 -0.00315715 0.999955 12.8893
0.999885 -0.011338 -0.0100332 -0.0422311 0.0113511 0.999935 0.00125196 -0.0203649 0.0100184 -0.00136571 0.999949 13.7747
0.999856 -0.0114811 -0.0124868 -0.0529747 0.0114828 0.999934 7.03157e-05 -0.0227584 0.0124851 -0.000213689 0.999922 14.6705
0.999835 -0.0111712 -0.0142981 -0.0667728 0.0111619 0.999937 -0.00072496 -0.0232198 0.0143053 0.000565246 0.999898 15.5629
0.999831 -0.0100854 -0.0153669 -0.0827943 0.0100655 0.999948 -0.00137146 -0.0255922 0.01538 0.00121656 0.999881 16.4344
0.99982 -0.00865741 -0.0168989 -0.104248 0.00863651 0.999962 -0.00130902 -0.0290306 0.0169096 0.00116284 0.999856 17.3133
0.99978 -0.00920916 -0.0188382 -0.12332 0.00920355 0.999958 -0.000384548 -0.033616 0.018841 0.000211085 0.999822 18.2005
0.999766 -0.00897633 -0.01969 -0.150243 0.00899099 0.999959 0.000656503 -0.030961 0.0196833 -0.000833382 0.999806 19.0721
0.999733 -0.00856073 -0.0214659 -0.173356 0.00859442 0.999962 0.00147806 -0.0315511 0.0214524 -0.00166215 0.999768 19.953
0.999693 -0.00966179 -0.0228372 -0.195221 0.00969546 0.999952 0.00136401 -0.0345962 0.0228229 -0.001585 0.999738 20.8169
0.999637 -0.00985002 -0.0250594 -0.210023 0.00988284 0.99995 0.00118605 -0.0391589 0.0250465 -0.00143327 0.999685 21.6762
0.999613 -0.00937706 -0.026201 -0.235937 0.00941954 0.999955 0.00149829 -0.0426194 0.0261858 -0.00174451 0.999656 22.5264
0.999588 -0.00936322 -0.0271143 -0.262198 0.00945102 0.99995 0.00311166 -0.0347958 0.0270838 -0.00336664 0.999627 23.3762
0.99956 -0.0103479 -0.0278158 -0.286713 0.0105192 0.999927 0.00601893 -0.0351575 0.0277514 -0.00630888 0.999595 24.2164
0.999543 -0.0111832 -0.0280924 -0.315076 0.0113934 0.999908 0.00733217 -0.0304249 0.0280079 -0.00764889 0.999578 25.0397
0.999508 -0.0105395 -0.0295478 -0.341204 0.0107356 0.999921 0.00648572 -0.0333728 0.0294771 -0.00679974 0.999542 25.8578
0.999475 -0.00966893 -0.0309117 -0.372116 0.00980529 0.999943 0.00426244 -0.0337535 0.0308687 -0.0045633 0.999513 26.6562
0.99946 -0.00858293 -0.0317231 -0.401706 0.0086663 0.999959 0.00249144 -0.0301965 0.0317004 -0.00276502 0.999494 27.4447
0.999429 -0.00742567 -0.0329722 -0.429677 0.00748731 0.99997 0.0017463 -0.0245699 0.0329583 -0.00199217 0.999455 28.238
0.9994 -0.00777524 -0.0337575 -0.459815 0.00782818 0.999968 0.00143647 -0.0295 0.0337453 -0.00169987 0.999429 29.0143
0.999334 -0.0070003 -0.0358109 -0.48943 0.00703745 0.999975 0.00091146 -0.0346496 0.0358036 -0.00116287 0.999358 29.7704
0.999287 -0.00686227 -0.0371391 -0.529312 0.00689486 0.999976 0.000749704 -0.0373472 0.0371331 -0.00100524 0.99931 30.5273
0.999234 -0.00713746 -0.0384824 -0.565435 0.00721506 0.999972 0.00187816 -0.0331494 0.0384679 -0.00215437 0.999258 31.2677
0.999123 -0.00749733 -0.04119 -0.595231 0.00767196 0.999962 0.00408324 -0.0297129 0.0411578 -0.00439567 0.999143 32.0227
0.999044 -0.00681229 -0.0431884 -0.628854 0.00705937 0.99996 0.00557103 -0.0270115 0.0431487 -0.00587058 0.999051 32.7518
0.998995 -0.0057561 -0.044443 -0.677055 0.00601887 0.999965 0.00578084 -0.0264523 0.0444082 -0.00604253 0.998995 33.4727
0.998887 -0.00309934 -0.0470561 -0.706179 0.00334995 0.999981 0.00524781 -0.0272365 0.0470389 -0.00539961 0.998878 34.1721
0.998849 -0.00162559 -0.0479423 -0.750764 0.00183801 0.999989 0.00438698 -0.0237935 0.0479347 -0.00447005 0.99884 34.8551
0.998764 -0.000881535 -0.0496984 -0.785856 0.00116607 0.999983 0.00569644 -0.0228929 0.0496926 -0.00574735 0.998748 35.5406
0.998752 0.000593083 -0.0499321 -0.830584 -0.000226261 0.999973 0.00735174 -0.0193289 0.0499352 -0.00733127 0.998726 36.2251
0.998697 0.00297498 -0.0509428 -0.866043 -0.00257026 0.999965 0.0080083 -0.0139161 0.0509648 -0.00786694 0.998669 36.9067
0.998759 0.00628481 -0.049405 -0.910151 -0.00598783 0.999963 0.00615686 -0.0157595 0.0494418 -0.00585339 0.99876 37.5616
0.998813 0.00819997 -0.0480113 -0.945089 -0.00804672 0.999962 0.00338453 -0.0167353 0.0480373 -0.00299418 0.998841 38.2222
0.998929 0.00870267 -0.0454336 -0.982158 -0.00864693 0.999962 0.00142312 -0.0144538 0.0454442 -0.00102874 0.998966 38.8589
0.999019 0.0097842 -0.0431886 -1.00883 -0.00969381 0.99995 0.00230192 -0.0159498 0.043209 -0.001881 0.999064 39.491
0.999122 0.0143152 -0.0393691 -1.04237 -0.0141321 0.999888 0.00492605 -0.0168449 0.0394352 -0.00436536 0.999213 40.1242
0.999178 0.0185096 -0.0360745 -1.07425 -0.0182243 0.9998 0.00822366 -0.00981769 0.0362195 -0.00755947 0.999315 40.7353
0.999214 0.0233809 -0.0320124 -1.10117 -0.0230907 0.999689 0.00940609 -0.0130006 0.0322224 -0.00865951 0.999443 41.3348
0.999292 0.0272604 -0.0259314 -1.12693 -0.0270144 0.999587 0.00979338 -0.0105302 0.0261877 -0.00908593 0.999616 41.93
0.999313 0.0307495 -0.0206957 -1.1456 -0.0305141 0.999467 0.0115938 -0.00371646 0.0210411 -0.0109543 0.999719 42.4932
0.999279 0.0354425 -0.0135836 -1.16153 -0.0352733 0.9993 0.0124975 0.00207017 0.014017 -0.0120094 0.99983 43.0315
0.999222 0.0389077 -0.00639866 -1.17447 -0.0388247 0.999166 0.0126234 0.00259295 0.00688447 -0.0123652 0.9999 43.562
0.99911 0.0421554 0.00110328 -1.18024 -0.0421659 0.999033 0.0124899 0.00449687 -0.000575701 -0.0125253 0.999921 44.0692
0.998878 0.0466519 0.00819225 -1.18057 -0.0467497 0.998832 0.0121849 0.00651024 -0.00761423 -0.0125542 0.999892 44.5583
0.99856 0.0511881 0.0160479 -1.18284 -0.0513449 0.998636 0.00951227 0.0104078 -0.0155391 -0.0103226 0.999826 45.0202
0.998313 0.0528964 0.0239214 -1.17481 -0.0530654 0.99857 0.00648546 0.00927513 -0.0235442 -0.00774392 0.999693 45.4596
0.998035 0.0540252 0.0317472 -1.15439 -0.0542456 0.998509 0.00612084 0.0106591 -0.0313692 -0.00783096 0.999477 45.8742
0.997783 0.0529768 0.0402847 -1.13985 -0.0533112 0.998551 0.00726991 0.011799 -0.0398413 -0.00940141 0.999162 46.2754
0.997351 0.0544185 0.0482633 -1.11846 -0.054863 0.998462 0.00793382 0.0114506 -0.0477574 -0.0105607 0.998803 46.6458
0.996709 0.0574803 0.0571546 -1.09995 -0.0580324 0.998282 0.00804539 0.011733 -0.056594 -0.0113357 0.998333 47.0056
0.995904 0.0620962 0.0657277 -1.08445 -0.0627089 0.998005 0.00729895 0.0148577 -0.0651433 -0.0113908 0.997811 47.3125
0.995065 0.0662001 0.0739073 -1.05528 -0.0669296 0.99773 0.00743496 0.0140373 -0.0732474 -0.0123449 0.997237 47.6172
0.994387 0.0655539 0.0830503 -1.01924 -0.0664248 0.997761 0.00776476 0.014339 -0.0823553 -0.0132378 0.996515 47.8987
0.993523 0.0643472 0.0936588 -0.981567 -0.065196 0.997854 0.00602845 0.0106639 -0.0930699 -0.0120956 0.995586 48.1639
0.992363 0.063323 0.105854 -0.950901 -0.0638735 0.997956 0.00181472 0.00656735 -0.105523 -0.00856213 0.99438 48.4211
0.990856 0.0639251 0.118815 -0.911327 -0.0641092 0.99794 -0.00227613 0.00372205 -0.118716 -0.00536183 0.992914 48.6868
0.988871 0.0659343 0.133366 -0.857346 -0.0659171 0.997815 -0.00454948 0.000821095 -0.133374 -0.00429222 0.991056 48.941
0.986311 0.06771 0.150355 -0.812691 -0.067541 0.997697 -0.00623615 0.000604604 -0.150431 -0.00400433 0.988612 49.207
0.983582 0.0680832 0.167127 -0.758611 -0.0677859 0.997672 -0.00748971 -0.00323572 -0.167247 -0.00396208 0.985907 49.4476
0.980398 0.0671138 0.185243 -0.697907 -0.0666252 0.997739 -0.00886832 -0.00516099 -0.185419 -0.00364737 0.982653 49.69
0.976725 0.0659364 0.204111 -0.623323 -0.065393 0.997815 -0.00941318 -0.0107898 -0.204286 -0.00415338 0.978902 49.9488
0.972186 0.0663025 0.22463 -0.558413 -0.0655571 0.997791 -0.0107837 -0.0136964 -0.224848 -0.0042423 0.974385 50.1866
0.966917 0.0682487 0.24579 -0.483638 -0.0670861 0.997661 -0.0131103 -0.0153626 -0.24611 -0.00381253 0.969234 50.4129
0.960735 0.0698716 0.268525 -0.394328 -0.0682268 0.99755 -0.0154643 -0.0174273 -0.268947 -0.00346348 0.963149 50.6576
0.953602 0.0710263 0.292572 -0.306138 -0.0692345 0.997464 -0.0164883 -0.0276312 -0.293001 -0.00453282 0.956101 50.8881
0.945097 0.0735276 0.31841 -0.206803 -0.071545 0.997276 -0.0179337 -0.0288232 -0.318861 -0.00583158 0.947784 51.1392
0.935456 0.0757862 0.345221 -0.0988195 -0.0736956 0.997096 -0.0191967 -0.0370434 -0.345674 -0.00748358 0.938325 51.3835
0.924462 0.076658 0.373489 0.0251273 -0.0742049 0.997023 -0.020965 -0.0426341 -0.373984 -0.00833332 0.927398 51.6188
0.912014 0.0750407 0.403237 0.165001 -0.0718204 0.997149 -0.0231268 -0.0542386 -0.403823 -0.00786869 0.914803 51.8427
0.897145 0.0726138 0.435728 0.313667 -0.0680606 0.99734 -0.0260725 -0.0657967 -0.436462 -0.0062651 0.899701 52.0809
0.88023 0.071674 0.469104 0.472532 -0.0650676 0.997421 -0.0303017 -0.0774299 -0.470066 -0.00385104 0.882623 52.29
0.860816 0.0738289 0.503533 0.644987 -0.0646755 0.997269 -0.0356553 -0.0869169 -0.50479 -0.00187366 0.86324 52.5224
0.839113 0.0758412 0.538645 0.825835 -0.064032 0.99712 -0.040644 -0.0929838 -0.540176 -0.000385641 0.841552 52.745
0.814679 0.0786832 0.57455 1.02085 -0.0649053 0.996899 -0.0444908 -0.107524 -0.576269 -0.00104558 0.81726 52.9622
0.787704 0.0826532 0.610485 1.24581 -0.0674781 0.996572 -0.047859 -0.122753 -0.612348 -0.00349563 0.790581 53.1962
0.758026 0.0870798 0.646385 1.46384 -0.0708193 0.996177 -0.0511522 -0.132533 -0.648368 -0.00700185 0.761295 53.4198
0.725218 0.0887545 0.682775 1.72726 -0.0707639 0.996014 -0.05431 -0.149251 -0.684873 -0.00892926 0.728607 53.6507
0.688959 0.0867022 0.719596 2.02094 -0.06735 0.996182 -0.0555448 -0.173267 -0.721664 -0.0101967 0.692168 53.8775
0.649493 0.0854895 0.755546 2.32797 -0.0642128 0.996277 -0.0575285 -0.194895 -0.757651 -0.0111514 0.652564 54.094
0.607848 0.0853277 0.789455 2.67379 -0.0620008 0.996274 -0.0599435 -0.214801 -0.791629 -0.0125104 0.610874 54.315
0.561998 0.0854649 0.822711 3.02814 -0.0585696 0.996263 -0.0634846 -0.238971 -0.825062 -0.0125076 0.564904 54.5067
0.514077 0.084539 0.853568 3.41458 -0.0551794 0.996329 -0.0654456 -0.270654 -0.855968 -0.0134553 0.516854 54.6944
0.465739 0.0827702 0.881043 3.83296 -0.0529592 0.996439 -0.0656157 -0.298011 -0.883336 -0.0160995 0.468464 54.8672
0.415992 0.0809602 0.905757 4.23892 -0.0526456 0.996503 -0.0648925 -0.326394 -0.907843 -0.0206894 0.418799 55.0242
0.365433 0.081099 0.927298 4.69068 -0.0550224 0.996337 -0.0654536 -0.344428 -0.92921 -0.0271033 0.368557 55.1796
0.316713 0.0816428 0.945001 5.16456 -0.0531623 0.996251 -0.0682533 -0.363453 -0.94703 -0.0286218 0.319866 55.2992
0.270322 0.0783413 0.959577 5.6288 -0.0425016 0.996683 -0.0693976 -0.408498 -0.961831 -0.0220238 0.272755 55.3832
0.226343 0.0730503 0.971305 6.13413 -0.0288354 0.997249 -0.068282 -0.440078 -0.973621 -0.0125528 0.227826 55.458
0.184286 0.0714741 0.98027 6.65967 -0.0191832 0.997424 -0.0691185 -0.48182 -0.982685 -0.0060672 0.185182 55.5147
0.146403 0.07382 0.986467 7.1659 -0.015718 0.997259 -0.0722949 -0.504818 -0.9891 -0.00492108 0.147163 55.5567
0.114491 0.0741021 0.990657 7.69581 -0.00733075 0.99725 -0.073748 -0.546023 -0.993397 0.00118125 0.11472 55.5845
0.0853224 0.0728155 0.993689 8.24649 0.000639069 0.997322 -0.0731365 -0.591563 -0.996353 0.00687522 0.0850473 55.6071
0.0603568 0.0710478 0.995645 8.80511 0.00702194 0.997409 -0.0715993 -0.626777 -0.998152 0.0113129 0.0597015 55.6172
0.0405056 0.0703237 0.996701 9.38133 0.0126561 0.997404 -0.0708876 -0.657283 -0.999099 0.0154857 0.0395104 55.6217
0.0247362 0.0716226 0.997125 9.96448 0.0150964 0.99729 -0.072009 -0.695703 -0.99958 0.0168342 0.0235879 55.6228
0.0113113 0.0717539 0.997358 10.5364 0.016198 0.997278 -0.0719319 -0.733814 -0.999805 0.0169688 0.0101182 55.6215
-0.000293278 0.0727157 0.997353 11.1436 0.0169668 0.99721 -0.0727002 -0.765103 -0.999856 0.0169005 -0.00152621 55.6135
-0.0100652 0.0755102 0.997094 11.764 0.0219185 0.996922 -0.0752759 -0.808054 -0.999709 0.0210972 -0.0116893 55.6052
-0.0154568 0.0772625 0.996891 12.3839 0.0259434 0.996705 -0.0768459 -0.856292 -0.999544 0.024675 -0.0174103 55.5709
-0.0208164 0.0769047 0.996821 13.0035 0.0265732 0.996727 -0.0763426 -0.895237 -0.99943 0.0248996 -0.0227919 55.5637
-0.023421 0.0741991 0.996968 13.6632 0.0244881 0.996985 -0.073625 -0.936612 -0.999426 0.0226895 -0.0251673 55.5446
-0.0263028 0.0676886 0.99736 14.3332 0.0223924 0.997494 -0.0671072 -0.975673 -0.999403 0.0205682 -0.0277526 55.5311
-0.0283626 0.0618227 0.997684 14.9934 0.0234642 0.997852 -0.0611661 -1.0145 -0.999322 0.021675 -0.0297523 55.5182
-0.0275252 0.0591695 0.997868 15.6726 0.0260235 0.997951 -0.0584566 -1.05289 -0.999282 0.024359 -0.0290086 55.4872
-0.0283578 0.0610212 0.997734 16.3665 0.0297508 0.997744 -0.0601763 -1.09796 -0.999155 0.0279769 -0.0301093 55.4707
-0.0270087 0.0684611 0.997288 17.0606 0.0307441 0.997237 -0.067625 -1.13695 -0.999162 0.0288342 -0.0290389 55.447
-0.023497 0.0758779 0.99684 17.7662 0.030338 0.99671 -0.075153 -1.18944 -0.999264 0.0284763 -0.0257217 55.4212
-0.0214084 0.0773428 0.996775 18.4789 0.0309046 0.996578 -0.0766638 -1.22915 -0.999293 0.0291637 -0.0237254 55.4127
-0.0206429 0.0730964 0.997111 19.2075 0.0308994 0.996894 -0.0724407 -1.27623 -0.999309 0.0293147 -0.0228374 55.409
-0.0170935 0.0664995 0.99764 19.934 0.0307312 0.997349 -0.0659536 -1.32234 -0.999382 0.0295313 -0.0190918 55.3907
-0.0154243 0.064755 0.997782 20.6614 0.0289039 0.997513 -0.0642907 -1.36638 -0.999463 0.0278481 -0.0172576 55.3934
-0.0117702 0.0698059 0.997491 21.3856 0.0353756 0.996965 -0.0693516 -1.4231 -0.999305 0.0344706 -0.0142039 55.377
-0.0075869 0.0748491 0.997166 22.1129 0.0379025 0.9965 -0.0745107 -1.48053 -0.999253 0.0372298 -0.0103973 55.3659
-0.00482742 0.0759797 0.997098 22.8572 0.0322313 0.996603 -0.075786 -1.52322 -0.999469 0.0317719 -0.00725994 55.3672
-0.000974974 0.0728048 0.997346 23.5889 0.02692 0.996987 -0.0727523 -1.57124 -0.999637 0.0267776 -0.00293194 55.375
0.00295348 0.0685424 0.997644 24.3188 0.0308059 0.997168 -0.068601 -1.62983 -0.999521 0.0309359 0.000833607 55.3791
0.00689114 0.069359 0.997568 25.0547 0.0359482 0.99693 -0.0695629 -1.68185 -0.99933 0.0363401 0.00437665 55.3807
0.00895922 0.0737846 0.997234 25.779 0.035581 0.996619 -0.0740588 -1.73833 -0.999327 0.036146 0.0063036 55.3951
0.011983 0.0752311 0.997094 26.5166 0.0315036 0.996642 -0.0755756 -1.78273 -0.999432 0.0323177 0.00957275 55.4235
0.0170871 0.0743394 0.997087 27.2741 0.0302702 0.996737 -0.0748321 -1.84075 -0.999396 0.0314607 0.0147811 55.4254
0.0204868 0.0717083 0.997215 28.0003 0.0346229 0.996775 -0.0723879 -1.89179 -0.99919 0.0360095 0.017938 55.4323
0.0236623 0.0716378 0.99715 28.7229 0.0391438 0.996598 -0.072527 -1.94752 -0.998953 0.0407484 0.0207777 55.4528
0.0279007 0.0724069 0.996985 29.4593 0.0420069 0.996407 -0.0735405 -2.00397 -0.998728 0.0439321 0.0247588 55.4658
0.0295893 0.0721836 0.996952 30.2053 0.0426167 0.996391 -0.0734078 -2.05691 -0.998653 0.0446589 0.0264063 55.5024
0.0334135 0.0708006 0.996931 30.9423 0.0436411 0.996433 -0.0722279 -2.11029 -0.998488 0.0459205 0.0302045 55.5229
0.0361387 0.069744 0.99691 31.6874 0.0463655 0.99637 -0.071387 -2.1646 -0.998271 0.0488021 0.0327738 55.553
0.0395318 0.0700977 0.996756 32.4238 0.0446679 0.996415 -0.0718452 -2.21171 -0.998219 0.0473632 0.036259 55.5723
0.0432415 0.0714803 0.996504 33.1642 0.0415801 0.996444 -0.0732803 -2.26242 -0.998199 0.0446035 0.0401156 55.6095
0.0450868 0.0716869 0.996408 33.9143 0.0431306 0.996352 -0.0736345 -2.31874 -0.998052 0.0462956 0.0418304 55.6512
0.0482114 0.0713053 0.996289 34.6606 0.0412467 0.996456 -0.0733132 -2.36959 -0.997985 0.0446281 0.0450994 55.6882
0.0504413 0.071482 0.996166 35.4241 0.0393881 0.996517 -0.0735016 -2.42511 -0.99795 0.0429446 0.0474501 55.7366
0.0537186 0.0715442 0.99599 36.1696 0.0368095 0.99661 -0.0735741 -2.47803 -0.997877 0.0406142 0.050903 55.7832
0.0567315 0.0735274 0.995678 36.9178 0.0353037 0.996513 -0.0756006 -2.52527 -0.997765 0.0394401 0.0539379 55.8232
0.0601138 0.0765939 0.995249 37.6725 0.0343925 0.996301 -0.0787523 -2.58727 -0.997599 0.0389632 0.0572572 55.8714
0.0635062 0.0790083 0.994849 38.4316 0.0340966 0.996108 -0.0812848 -2.64241 -0.997399 0.039083 0.0605651 55.928
0.0655813 0.081144 0.994542 39.1951 0.0285753 0.996127 -0.0831575 -2.70272 -0.997438 0.0338729 0.0630085 55.9923
0.0691896 0.0808042 0.994326 39.9761 0.0242895 0.996282 -0.0826533 -2.75249 -0.997308 0.0298704 0.0669697 56.0516
0.0721626 0.0806562 0.994126 40.7348 0.0258659 0.996238 -0.0827052 -2.82368 -0.997057 0.0316822 0.0698049 56.1117
0.0755015 0.0817848 0.993786 41.5089 0.0258816 0.996134 -0.0839444 -2.88846 -0.99681 0.0320587 0.073093 56.1808
0.0780799 0.0828272 0.9935 42.2853 0.0214741 0.996172 -0.0847375 -2.94936 -0.996716 0.0279509 0.0760024 56.2587
0.0832735 0.0815649 0.993183 43.0761 0.0205195 0.996293 -0.0835407 -3.00313 -0.996315 0.0273363 0.0812911 56.3305
0.0881028 0.0806726 0.992839 43.8515 0.021902 0.996317 -0.0828988 -3.07197 -0.995871 0.0290488 0.0860115 56.3993
0.0929221 0.0843532 0.992094 44.6491 0.0182744 0.996092 -0.0864048 -3.13288 -0.995506 0.0261588 0.0910175 56.4823
0.0980818 0.0929466 0.990828 45.4196 0.0155261 0.995365 -0.0949091 -3.20343 -0.995057 0.0246926 0.096184 56.575
0.106315 0.0975162 0.989539 46.2164 0.0138738 0.994937 -0.0995387 -3.2764 -0.994236 0.0243112 0.104424 56.6597
0.113446 0.100493 0.988449 47.0063 0.00934899 0.99472 -0.102204 -3.34934 -0.9935 0.0208357 0.111908 56.7656
0.121686 0.0991994 0.987599 47.8143 0.00616084 0.994899 -0.100692 -3.42606 -0.99255 0.0183373 0.120454 56.8739
0.129307 0.0971723 0.986832 48.6154 0.00585047 0.995095 -0.0987526 -3.50591 -0.991587 0.0185428 0.128104 56.9837
0.135406 0.0939195 0.986329 49.4181 0.00567335 0.995407 -0.0955628 -3.58266 -0.990774 0.0185355 0.134251 57.101
0.142922 0.0881947 0.985797 50.2297 0.00385179 0.995965 -0.0896629 -3.65844 -0.989726 0.0166119 0.142006 57.2266
0.15021 0.0813356 0.985303 51.0369 0.00122292 0.996594 -0.0824541 -3.72119 -0.988653 0.0135903 0.149598 57.3595
0.157596 0.0775882 0.984451 51.826 0.000864882 0.996897 -0.0787076 -3.79649 -0.987503 0.0132555 0.15704 57.4896
0.165998 0.0794499 0.98292 52.6219 0.000770521 0.996738 -0.0806969 -3.86249 -0.986126 0.0141529 0.165395 57.622
0.170382 0.0860721 0.981612 53.3949 0.000753522 0.996166 -0.0874791 -3.92221 -0.985378 0.0156445 0.169664 57.77
0.176843 0.0897748 0.980136 54.1688 -0.000592729 0.995841 -0.0911063 -3.9934 -0.984239 0.0155305 0.17616 57.9054
0.181428 0.0927094 0.979024 54.9408 -0.00188758 0.995577 -0.093927 -4.06365 -0.983403 0.015193 0.1808 58.0568
0.187187 0.0927263 0.977938 55.6829 -0.00426349 0.995602 -0.0935851 -4.13332 -0.982315 0.0133485 0.186759 58.2048
0.192241 0.089535 0.977255 56.4327 -0.00130526 0.995852 -0.0909821 -4.20685 -0.981347 0.0162149 0.19156 58.3505
0.196035 0.0835669 0.97703 57.1761 -0.000330125 0.996368 -0.0851547 -4.26921 -0.980597 0.0163707 0.19535 58.5079
0.198558 0.0768467 0.977072 57.9146 -0.000958605 0.996936 -0.0782142 -4.33263 -0.980089 0.0145935 0.198024 58.6691
0.201774 0.073362 0.976681 58.6615 -0.00448171 0.99725 -0.0739811 -4.38903 -0.979422 0.0105503 0.201548 58.8323
0.205621 0.0732244 0.975888 59.3732 -0.0066291 0.997278 -0.0734326 -4.45269 -0.978609 0.00863004 0.205547 58.984
0.207312 0.0750385 0.975393 60.0608 -0.00835704 0.997153 -0.0749363 -4.50861 -0.978239 0.0073838 0.207349 59.1412
0.208981 0.0792703 0.974702 60.7621 -0.0118827 0.996841 -0.0785232 -4.56285 -0.977848 0.00482775 0.209263 59.2979
0.210325 0.0838681 0.974027 61.4626 -0.0135301 0.996468 -0.0828787 -4.61869 -0.977538 0.00425283 0.210717 59.4639
0.212516 0.0893623 0.973063 62.1328 -0.0151856 0.995991 -0.0881515 -4.68021 -0.97704 0.00395712 0.213022 59.6166
0.215133 0.0911816 0.972319 62.7823 -0.0146112 0.995821 -0.0901527 -4.74473 -0.976475 0.00518811 0.215566 59.7567
0.21493 0.0913247 0.97235 63.4328 -0.0164466 0.995816 -0.0898933 -4.79843 -0.976491 0.00332892 0.215532 59.9215
0.216329 0.0884171 0.972309 64.0777 -0.0161083 0.996079 -0.0869947 -4.85921 -0.976188 0.00315729 0.216905 60.0633
0.217877 0.0856808 0.972208 64.7296 -0.0157948 0.996318 -0.0842659 -4.91604 -0.975849 0.00300371 0.218428 60.2081
0.216931 0.0848075 0.972496 65.3624 -0.0153738 0.996392 -0.083462 -4.96699 -0.976066 0.00315454 0.217452 60.3546
0.214688 0.0839357 0.973069 65.9806 -0.0150357 0.996466 -0.0826366 -5.01981 -0.976567 0.00311024 0.215191 60.4978
0.213825 0.0843259 0.973226 66.5987 -0.0162398 0.996436 -0.082769 -5.07864 -0.976737 0.00189313 0.214432 60.6321
0.211485 0.0871657 0.973487 67.2128 -0.0173743 0.996193 -0.0854244 -5.13293 -0.977227 0.0011524 0.212195 60.7685
0.209011 0.0908076 0.973688 67.797 -0.0163731 0.995865 -0.0893611 -5.19184 -0.977776 0.00273514 0.209633 60.9027
0.207652 0.0916213 0.973903 68.3759 -0.0145947 0.995783 -0.0905679 -5.24565 -0.978094 0.00459279 0.208114 61.0252
0.205369 0.0905692 0.974485 68.9641 -0.0149656 0.995883 -0.089404 -5.29795 -0.97857 0.00377702 0.205879 61.153
0.202691 0.0877911 0.975299 69.5268 -0.0150319 0.996135 -0.0865426 -5.34529 -0.979127 0.00288083 0.203227 61.2785
0.201496 0.0838397 0.975895 70.102 -0.014355 0.996476 -0.0826439 -5.39828 -0.979384 0.00264346 0.201989 61.3916
0.199513 0.0825102 0.976415 70.6441 -0.0111277 0.996575 -0.08194 -5.45116 -0.979832 0.0054828 0.199747 61.5023
0.197425 0.0840452 0.976709 71.1931 -0.00795595 0.996423 -0.0841335 -5.49993 -0.980286 0.00883944 0.197388 61.6169
0.195479 0.085778 0.976949 71.7312 -0.00390183 0.996228 -0.08669 -5.55021 -0.9807 0.0131342 0.195076 61.7104
0.192618 0.0879381 0.977326 72.2694 -0.00421147 0.996041 -0.0887921 -5.5923 -0.981265 0.0129869 0.192225 61.8256
0.191249 0.0903202 0.977377 72.8075 -0.00471003 0.99583 -0.0911039 -5.64199 -0.98153 0.0128201 0.190877 61.9369
0.190155 0.0892623 0.977688 73.344 -0.00327692 0.99591 -0.0902887 -5.68625 -0.981749 0.0139651 0.18967 62.0411
0.190768 0.0869961 0.977773 73.8848 0.00290597 0.996011 -0.0891858 -5.74059 -0.981631 0.0198551 0.189754 62.1307
0.192772 0.0853977 0.97752 74.4161 0.00821369 0.99603 -0.0886345 -5.78002 -0.981209 0.0251153 0.191305 62.2277
0.195017 0.0844833 0.977154 74.9659 0.010918 0.996035 -0.0882946 -5.83099 -0.980739 0.0278875 0.193321 62.3306
0.197597 0.0843618 0.976647 75.5026 0.00901928 0.996091 -0.0878663 -5.87879 -0.980242 0.0261707 0.196064 62.4478
0.202776 0.0849269 0.975535 76.0502 0.00739001 0.996071 -0.0882507 -5.92479 -0.979197 0.0251043 0.201351 62.5682
0.208718 0.0839103 0.974369 76.6011 0.0081907 0.996127 -0.0875385 -5.97192 -0.977942 0.0262516 0.207223 62.6915
0.216045 0.0838464 0.972776 77.1516 0.00657216 0.996159 -0.0873214 -6.01798 -0.976361 0.0252586 0.214665 62.8238
0.224968 0.0821011 0.970901 77.7222 0.00633443 0.996299 -0.0857166 -6.06337 -0.974345 0.0254336 0.223616 62.9611
0.234451 0.0817236 0.968687 78.2934 0.00360174 0.99638 -0.0849317 -6.11122 -0.972121 0.0234013 0.233308 63.1043
0.243326 0.081407 0.966522 78.8548 0.00164471 0.996436 -0.0843406 -6.16051 -0.969943 0.0221119 0.242325 63.2621
0.252466 0.0849041 0.963874 79.4315 -0.00354506 0.996217 -0.0868246 -6.20656 -0.967599 0.0185032 0.251812 63.4318
0.262022 0.0872544 0.961109 80.0103 -0.00732552 0.996055 -0.0884299 -6.25472 -0.965034 0.01613 0.261628 63.5956
0.273077 0.0896655 0.957804 80.6101 -0.0111058 0.995874 -0.090063 -6.30582 -0.961928 0.013957 0.272946 63.7833
0.282874 0.0912688 0.954805 81.2158 -0.0128367 0.995734 -0.0913781 -6.36076 -0.959071 0.0135919 0.282838 63.9813
0.292987 0.0923824 0.951643 81.836 -0.016326 0.995659 -0.091629 -6.41353 -0.955977 0.0113096 0.293224 64.186
0.302644 0.0925877 0.948596 82.4419 -0.0174038 0.995641 -0.091627 -6.46818 -0.952945 0.0112212 0.302936 64.3945
0.313 0.093278 0.945161 83.0699 -0.0210241 0.995602 -0.0912936 -6.52035 -0.94952 0.00870374 0.313585 64.6192
0.323764 0.0888181 0.94196 83.7255 -0.020652 0.99601 -0.0868162 -6.5713 -0.945912 0.00865462 0.324307 64.8477
0.333071 0.0821493 0.939316 84.3571 -0.0175795 0.996565 -0.0809226 -6.62318 -0.942738 0.0104403 0.333371 65.0827
0.345032 0.0771701 0.935413 85.0218 -0.0159091 0.996952 -0.0763788 -6.68121 -0.938456 0.0114716 0.345208 65.328
0.353841 0.074364 0.932345 85.6997 -0.0163301 0.997173 -0.0733372 -6.72268 -0.935163 0.0107244 0.354055 65.6154
0.364715 0.0711191 0.928399 86.3781 -0.0106777 0.997333 -0.072205 -6.77412 -0.931058 0.0164211 0.364502 65.8761
0.372431 0.0666017 0.925667 87.06 -0.00467748 0.997544 -0.0698913 -6.81625 -0.928048 0.0216999 0.371827 66.152
0.380273 0.0571717 0.923106 87.7919 0.00463671 0.997957 -0.0637176 -6.8634 -0.924863 0.0285102 0.379231 66.4397
0.387768 0.0521458 0.920281 88.4909 0.010544 0.998082 -0.060997 -6.9127 -0.921697 0.0333561 0.386474 66.7253
0.394926 0.0515833 0.917264 89.1967 0.013227 0.998 -0.0618184 -6.95797 -0.918618 0.0365463 0.393453 67.0255
0.402388 0.0571235 0.913685 89.8992 0.0158269 0.997468 -0.0693318 -7.00356 -0.915333 0.042359 0.400465 67.3363
0.410546 0.0619339 0.909734 90.6025 0.018403 0.996925 -0.0761747 -7.05783 -0.911654 0.0480151 0.408144 67.6418
0.415034 0.0643231 0.907529 91.3044 0.0165029 0.996801 -0.0781976 -7.11602 -0.909656 0.0474315 0.412645 67.9703
0.419335 0.0657599 0.905446 91.983 0.00988309 0.996983 -0.0769851 -7.1704 -0.907778 0.0412312 0.417421 68.3012
0.424396 0.0688479 0.902855 92.6759 0.00412593 0.996948 -0.0779624 -7.22518 -0.905467 0.0368121 0.422817 68.6397
0.426745 0.0721004 0.901493 93.3406 0.00240765 0.996723 -0.0808565 -7.29071 -0.904369 0.0366756 0.425173 68.976
0.431149 0.0760567 0.89907 93.9929 -0.000574938 0.996464 -0.08402 -7.35393 -0.902281 0.0357082 0.429668 69.2938
0.435745 0.0789574 0.8966 94.6515 -0.00368971 0.996293 -0.0859435 -7.41551 -0.900062 0.0341413 0.434421 69.6191
0.43914 0.0780492 0.895022 95.3026 -0.00482756 0.99641 -0.0845219 -7.47188 -0.898406 0.0327962 0.43794 69.9433
0.442809 0.0744856 0.893517 95.9361 -0.00371763 0.996687 -0.0812438 -7.53528 -0.896608 0.0326537 0.441619 70.2587
0.447742 0.071921 0.891265 96.5742 -0.00392479 0.996908 -0.0784742 -7.58974 -0.894154 0.0316382 0.44664 70.5788
0.451078 0.0705574 0.889691 97.1868 -0.00467996 0.997043 -0.0766982 -7.64816 -0.892473 0.0304331 0.450074 70.9009
0.454605 0.0724901 0.887738 97.7959 -0.00741958 0.996956 -0.0776089 -7.70118 -0.890662 0.0286948 0.453759 71.2208
0.456956 0.0728899 0.886498 98.3861 -0.00643765 0.996882 -0.0786476 -7.75923 -0.889466 0.0302315 0.456 71.5349
0.459694 0.071063 0.88523 98.9842 -0.00429097 0.996959 -0.077804 -7.81047 -0.888067 0.0319675 0.458601 71.8353
0.461618 0.0696843 0.884338 99.5732 -0.0022113 0.996997 -0.0774073 -7.86464 -0.887076 0.0337771 0.460386 72.1431
0.463183 0.0699274 0.8835 100.144 -0.00361751 0.997023 -0.0770161 -7.91363 -0.886255 0.0324765 0.462057 72.4522
0.465357 0.0691268 0.88242 100.706 -0.00208196 0.997028 -0.0770071 -7.96377 -0.885121 0.0339986 0.464118 72.7523
0.467886 0.0707595 0.880952 101.253 -0.00273948 0.996901 -0.0786177 -8.01549 -0.883785 0.0343708 0.46663 73.046
0.471055 0.0709076 0.879249 101.805 -0.000469315 0.996784 -0.0801348 -8.06577 -0.882104 0.0373352 0.469573 73.334
0.473759 0.0698772 0.877878 102.331 0.00177626 0.996769 -0.0802993 -8.11816 -0.880653 0.0396019 0.472104 73.6285
0.477365 0.0681992 0.876054 102.861 0.00461718 0.996775 -0.0801129 -8.16428 -0.878693 0.042288 0.475511 73.9095
0.481037 0.0672111 0.87412 103.384 0.00600762 0.996781 -0.0799485 -8.21384 -0.87668 0.0437096 0.479084 74.1909
0.483838 0.066775 0.872606 103.887 0.00670392 0.996773 -0.0799939 -8.26304 -0.875132 0.0445539 0.481829 74.4819
0.487612 0.0658944 0.87057 104.392 0.00734064 0.996803 -0.0795606 -8.31154 -0.87303 0.0451852 0.485569 74.7601
0.490631 0.0651707 0.868927 104.894 0.0091177 0.996761 -0.0799067 -8.35405 -0.87132 0.0471273 0.488448 75.0449
0.495517 0.0665044 0.866049 105.396 0.0086287 0.996638 -0.0814695 -8.39935 -0.868556 0.0478423 0.493277 75.3216
0.499251 0.0666976 0.863887 105.883 0.0103816 0.996501 -0.0829359 -8.44889 -0.866395 0.0503744 0.496811 75.6057
0.504866 0.0693797 0.860405 106.368 0.00873909 0.996303 -0.0854658 -8.49794 -0.863153 0.050668 0.502393 75.8853
0.509053 0.0752096 0.857443 106.849 0.00537119 0.995878 -0.0905411 -8.54596 -0.860718 0.0506957 0.506551 76.2001
0.515079 0.0824768 0.853166 107.323 -0.000110504 0.995366 -0.0961568 -8.59245 -0.857143 0.0494341 0.512701 76.4993
0.520833 0.0887178 0.849036 107.788 -0.00529644 0.994902 -0.100711 -8.64371 -0.853642 0.0479565 0.518647 76.8067
0.527188 0.0930708 0.844636 108.261 -0.00893466 0.994536 -0.104012 -8.69577 -0.849701 0.0472872 0.525139 77.1265
0.533068 0.0935794 0.840881 108.747 -0.0125501 0.99463 -0.102734 -8.74664 -0.845979 0.0442109 0.53138 77.441
0.538229 0.0927577 0.837679 109.246 -0.0191997 0.995017 -0.0978438 -8.7976 -0.84258 0.0365792 0.537328 77.7785
0.544123 0.0906678 0.834092 109.721 -0.0253832 0.995468 -0.0916509 -8.84653 -0.838621 0.0286974 0.543958 78.1063
0.549625 0.0888148 0.830677 110.204 -0.0316283 0.995832 -0.0855458 -8.89765 -0.834813 0.0207452 0.550143 78.4468
0.556163 0.0870516 0.826502 110.708 -0.0347416 0.996065 -0.0815329 -8.94541 -0.830347 0.0166316 0.556998 78.7982
0.562881 0.0900942 0.821613 111.202 -0.039221 0.995833 -0.0823284 -8.99114 -0.825607 0.0141166 0.56407 79.1458
0.567039 0.0940907 0.818299 111.726 -0.0433239 0.995486 -0.084443 -9.03876 -0.822551 0.0124306 0.568556 79.5465
0.573726 0.0974611 0.813228 112.238 -0.0462895 0.995166 -0.0866086 -9.09017 -0.817739 0.0120456 0.575464 79.9167
0.580005 0.0996213 0.808498 112.755 -0.0485308 0.994957 -0.087781 -9.13688 -0.813166 0.0116764 0.581915 80.3044
0.58624 0.100542 0.803874 113.294 -0.0514997 0.994887 -0.0868755 -9.18855 -0.808499 0.00953056 0.58842 80.7195
0.592998 0.10236 0.798671 113.831 -0.0566951 0.994733 -0.0853924 -9.23854 -0.803206 0.00535673 0.595678 81.1395
0.599819 0.100732 0.79377 114.376 -0.057661 0.994906 -0.0826852 -9.2884 -0.798055 0.00382653 0.602572 81.5693
0.60731 0.0989194 0.788283 114.936 -0.05794 0.995091 -0.0802329 -9.33767 -0.792349 0.00305314 0.61006 82.0082
0.614141 0.0989067 0.782974 115.494 -0.0589088 0.995093 -0.0794957 -9.39435 -0.786994 0.00269758 0.616954 82.469
0.622234 0.101084 0.776278 116.062 -0.0629441 0.994878 -0.0790956 -9.4384 -0.780297 0.000353839 0.62541 82.9328
0.62901 0.102391 0.770625 116.641 -0.0645448 0.994744 -0.0794861 -9.48385 -0.774713 0.000257688 0.632313 83.4287
0.634608 0.102592 0.765994 117.204 -0.065924 0.994723 -0.0786095 -9.54016 -0.770017 -0.000611187 0.638023 83.9303
0.640273 0.10132 0.761436 117.797 -0.0657211 0.994854 -0.0771161 -9.59544 -0.765331 -0.000667053 0.643637 84.4315
0.643824 0.0999468 0.758618 118.39 -0.0645015 0.994993 -0.0763477 -9.64956 -0.76245 0.00022256 0.647047 84.9491
0.647042 0.0978032 0.756155 118.988 -0.061461 0.995202 -0.0761299 -9.69794 -0.759973 0.00278514 0.649949 85.4755
0.650423 0.0941069 0.75372 119.605 -0.0565788 0.995541 -0.0754752 -9.7565 -0.757462 0.00644629 0.652847 86.0039
0.652748 0.0878879 0.75246 120.223 -0.0487674 0.996062 -0.0740358 -9.80899 -0.756004 0.0116312 0.654464 86.5536
0.657469 0.0817439 0.749035 120.848 -0.0427618 0.996544 -0.0712207 -9.86838 -0.752268 0.0147953 0.658692 87.085
0.66074 0.076737 0.746682 121.486 -0.0379486 0.996904 -0.0688717 -9.92617 -0.749655 0.0171707 0.661606 87.6356
0.663903 0.0746713 0.744082 122.116 -0.0368084 0.997059 -0.0672164 -9.97448 -0.746913 0.0172367 0.664699 88.2008
0.667959 0.0757867 0.740329 122.735 -0.0377034 0.99697 -0.068041 -10.0341 -0.743243 0.0175357 0.668792 88.7628
0.670963 0.0800987 0.737152 123.367 -0.0427896 0.996674 -0.0693508 -10.0893 -0.740255 0.0149894 0.672159 89.3674
0.673485 0.0837094 0.734446 123.986 -0.0487151 0.996434 -0.0688982 -10.1372 -0.737594 0.0106233 0.675161 89.9623
0.677158 0.0811355 0.731351 124.621 -0.0496412 0.996675 -0.0646076 -10.1882 -0.734161 0.0074445 0.678935 90.5552
0.680388 0.0780492 0.728684 125.251 -0.0521638 0.996948 -0.0580764 -10.2313 -0.730994 0.00150355 0.682383 91.1609
0.684656 0.0723108 0.72527 125.892 -0.0513961 0.997379 -0.0509225 -10.2758 -0.727052 -0.00241162 0.686579 91.7694
0.688732 0.0673689 0.72188 126.528 -0.0479677 0.997726 -0.047347 -10.3146 -0.723428 -0.0020175 0.690397 92.3865
0.693376 0.0640756 0.717722 127.178 -0.0424476 0.997941 -0.0480848 -10.3591 -0.719325 0.00287523 0.694668 93.0147
0.697971 0.0610885 0.713515 127.815 -0.0324372 0.998029 -0.0537169 -10.4051 -0.715391 0.0143484 0.698577 93.6327
0.703729 0.0643645 0.707547 128.444 -0.0288551 0.997655 -0.0620558 -10.452 -0.709882 0.0232541 0.703936 94.2559
0.710155 0.0649233 0.701045 129.093 -0.0263116 0.997491 -0.0657235 -10.5064 -0.703553 0.0282283 0.710082 94.9015
0.715547 0.06057 0.695933 129.72 -0.0232713 0.997748 -0.062911 -10.552 -0.698177 0.0288205 0.715345 95.5554
0.721652 0.0544466 0.690111 130.35 -0.018545 0.998065 -0.0593501 -10.6125 -0.692007 0.030032 0.721266 96.2097
0.727491 0.0507789 0.684235 130.973 -0.0131854 0.998108 -0.0600532 -10.6593 -0.68599 0.0346663 0.726784 96.8598
0.731551 0.0529175 0.67973 131.593 -0.0120042 0.997829 -0.0647623 -10.7192 -0.681682 0.0392173 0.730597 97.5418
0.734934 0.0547636 0.675924 132.198 -0.0129139 0.997683 -0.0667913 -10.77 -0.678016 0.0403584 0.733938 98.2118
0.738518 0.0521574 0.672214 132.832 -0.0110358 0.997805 -0.0652959 -10.8249 -0.674144 0.0408038 0.737472 98.9029
0.74112 0.046109 0.669787 133.456 -0.00664974 0.998094 -0.0613522 -10.8825 -0.671339 0.0410154 0.740015 99.5813
0.74242 0.0414542 0.668651 134.075 -0.00326274 0.998296 -0.0582684 -10.9361 -0.669927 0.0410779 0.741289 100.269
0.742979 0.0372128 0.66828 134.696 6.66643e-05 0.998449 -0.0556722 -10.9853 -0.669315 0.0414078 0.741824 100.956
0.743214 0.0361447 0.668077 135.315 0.00016651 0.99853 -0.0542083 -11.0365 -0.669054 0.0403996 0.742115 101.65
0.743082 0.0359707 0.668233 135.922 -0.000209629 0.998567 -0.0535193 -11.083 -0.669201 0.0396291 0.742024 102.342
0.742581 0.0384191 0.668653 136.537 -0.00262017 0.998512 -0.0544622 -11.1318 -0.669751 0.0386906 0.741577 103.033
0.741096 0.0421099 0.670078 137.154 -0.00585729 0.998399 -0.0562646 -11.1771 -0.671374 0.0377726 0.740155 103.735
0.738626 0.0463732 0.672519 137.765 -0.0104955 0.998301 -0.0573103 -11.231 -0.674034 0.0352725 0.737858 104.432
0.737567 0.0487942 0.673508 138.39 -0.0136181 0.998258 -0.0574082 -11.2779 -0.675136 0.0331705 0.736947 105.108
0.735337 0.0504324 0.675822 139.013 -0.0163825 0.998259 -0.0566686 -11.3301 -0.677504 0.0305988 0.734883 105.804
0.732544 0.0496618 0.678906 139.631 -0.0169147 0.998355 -0.0547783 -11.3817 -0.68051 0.028644 0.732179 106.487
0.730227 0.0487871 0.68146 140.257 -0.0183317 0.998487 -0.0518401 -11.4256 -0.682958 0.0253627 0.730017 107.167
0.727298 0.0447061 0.684864 140.88 -0.0139614 0.998633 -0.0503617 -11.4676 -0.68618 0.0270663 0.726928 107.846
0.725024 0.0471774 0.687106 141.513 -0.0130205 0.998412 -0.054813 -11.5314 -0.688601 0.0307943 0.724487 108.516
0.721195 0.0585446 0.690254 142.118 -0.0201708 0.997775 -0.0635524 -11.577 -0.692439 0.0319107 0.720771 109.167
0.717356 0.066186 0.693555 142.749 -0.0247696 0.997271 -0.0695499 -11.6366 -0.696266 0.0327129 0.717038 109.839
0.714488 0.0642871 0.696688 143.389 -0.0242817 0.997448 -0.0671378 -11.6899 -0.699227 0.0310523 0.714225 110.498
0.710652 0.0621334 0.700794 144.005 -0.0271964 0.997774 -0.0608851 -11.7499 -0.703018 0.0242091 0.71076 111.137
0.707063 0.0597367 0.704623 144.636 -0.0277007 0.998001 -0.0568122 -11.7985 -0.706608 0.0206513 0.707304 111.781
0.704404 0.0600836 0.707251 145.277 -0.0283995 0.997999 -0.0564985 -11.8512 -0.709231 0.0197122 0.704701 112.42
0.701643 0.0588385 0.710095 145.917 -0.0264894 0.99805 -0.0565243 -11.8958 -0.712036 0.0208499 0.701833 113.05
0.698502 0.0580177 0.713252 146.536 -0.0232082 0.99802 -0.0584532 -11.946 -0.715231 0.0242764 0.698466 113.651
0.695165 0.0572534 0.716567 147.173 -0.0195133 0.997959 -0.0608061 -11.9976 -0.718586 0.0282877 0.694863 114.261
0.690905 0.0581327 0.720604 147.821 -0.0176308 0.99782 -0.0635921 -12.0549 -0.72273 0.0312312 0.690424 114.887
0.687821 0.0585582 0.723514 148.45 -0.0176466 0.997795 -0.0639813 -12.1065 -0.725666 0.0312401 0.687338 115.482
0.684262 0.0599712 0.726766 149.108 -0.0195595 0.997763 -0.0639177 -12.1604 -0.728974 0.0295212 0.683904 116.101
0.679286 0.0596301 0.731447 149.762 -0.0184863 0.997768 -0.0641735 -12.2166 -0.73364 0.0300704 0.678872 116.717
0.673432 0.0617134 0.736668 150.415 -0.0200061 0.997666 -0.0652893 -12.263 -0.738978 0.02923 0.673095 117.328
0.667772 0.0684519 0.741212 151.085 -0.0240796 0.997228 -0.0704015 -12.3271 -0.743977 0.029164 0.667569 117.939
0.661217 0.0742604 0.74651 151.742 -0.0266354 0.996785 -0.0755648 -12.3826 -0.749721 0.0300812 0.66107 118.536
0.655385 0.0771861 0.751341 152.412 -0.0285074 0.996584 -0.0775136 -12.4514 -0.754757 0.0293824 0.655346 119.127
0.649578 0.0720872 0.75687 153.105 -0.0286416 0.997108 -0.0703871 -12.5126 -0.759756 0.0240439 0.649764 119.719
0.641531 0.0680318 0.764074 153.802 -0.0335086 0.997594 -0.0606896 -12.5566 -0.766365 0.0133312 0.642267 120.327
0.634653 0.0625079 0.770265 154.513 -0.0315593 0.997988 -0.0549849 -12.6111 -0.772152 0.0105873 0.635349 120.918
0.62715 0.063399 0.776314 155.221 -0.0358474 0.997975 -0.0525418 -12.6475 -0.778073 0.0051228 0.628153 121.509
0.619359 0.0653548 0.782383 155.952 -0.0361196 0.997846 -0.0547597 -12.699 -0.784277 0.00565651 0.620385 122.096
0.613132 0.0650463 0.787298 156.679 -0.0294236 0.997793 -0.0595228 -12.7473 -0.789432 0.0133302 0.613693 122.66
0.605959 0.0735915 0.792084 157.392 -0.030031 0.997118 -0.0696666 -12.8063 -0.794929 0.018428 0.606423 123.219
0.598842 0.075721 0.797279 158.139 -0.0279015 0.996888 -0.0737218 -12.8756 -0.800381 0.0219024 0.599091 123.774
0.592307 0.0718038 0.802507 158.909 -0.0247892 0.997174 -0.0709254 -12.9345 -0.805331 0.0221161 0.592412 124.331
0.585727 0.0653965 0.807866 159.682 -0.0192624 0.997581 -0.0667881 -12.9941 -0.81028 0.0235581 0.58557 124.877
0.578865 0.0644362 0.812873 160.42 -0.0188778 0.997665 -0.0656412 -13.049 -0.815205 0.0226522 0.57873 125.409
0.571796 0.065843 0.817749 161.164 -0.0199016 0.997594 -0.0664077 -13.107 -0.820154 0.0216971 0.571731 125.936
0.565696 0.0640066 0.822126 161.905 -0.0162296 0.997654 -0.0665049 -13.1685 -0.824454 0.0242788 0.565407 126.439
0.559858 0.0582831 0.826536 162.665 -0.011198 0.997964 -0.0627864 -13.2297 -0.828513 0.0258959 0.559371 126.951
0.556637 0.0549783 0.828935 163.425 -0.00955396 0.998165 -0.0597868 -13.283 -0.830701 0.0253599 0.556141 127.448
0.552504 0.0537606 0.831774 164.146 -0.0107837 0.998295 -0.0573604 -13.3334 -0.83344 0.0227223 0.552142 127.933
0.547649 0.0557961 0.834845 164.874 -0.0118819 0.998192 -0.0589188 -13.3932 -0.836624 0.0223473 0.547322 128.411
0.544477 0.0586248 0.836725 165.595 -0.0107831 0.997961 -0.0629049 -13.448 -0.838707 0.0252278 0.543999 128.882
0.541257 0.06406 0.838414 166.307 -0.0109471 0.997546 -0.0691516 -13.5035 -0.840786 0.0282506 0.54063 129.36
0.53811 0.0670679 0.840202 167.027 -0.0139107 0.9974 -0.0707069 -13.5613 -0.84276 0.0263602 0.537643 129.83
0.534998 0.0623855 0.842547 167.736 -0.0131235 0.997763 -0.0655453 -13.62 -0.844751 0.0240095 0.53462 130.282
0.533241 0.054447 0.84421 168.457 -0.00983715 0.998258 -0.0581688 -13.6693 -0.845906 0.0227133 0.532848 130.726
0.531453 0.049024 0.845668 169.164 -0.00512522 0.998492 -0.0546625 -13.7211 -0.847073 0.0247163 0.530902 131.157
0.528486 0.0470156 0.847639 169.851 0.000539902 0.998446 -0.055717 -13.7688 -0.848942 0.0299033 0.52764 131.592
0.526223 0.0488937 0.84894 170.534 0.00245198 0.998254 -0.0590131 -13.8185 -0.850343 0.0331357 0.525185 132.013
0.524789 0.055973 0.84939 171.212 0.000260078 0.997825 -0.0659153 -13.8732 -0.851232 0.0348125 0.523633 132.435
0.521764 0.0645258 0.850646 171.874 -0.0021448 0.997231 -0.0743295 -13.9237 -0.853087 0.0369579 0.520457 132.858
0.521324 0.0658076 0.850818 172.551 0.000824654 0.996983 -0.0776183 -13.9874 -0.853359 0.0411659 0.519696 133.257
0.51864 0.0598804 0.852893 173.211 0.00149641 0.997479 -0.0709416 -14.0363 -0.854991 0.0380694 0.517243 133.665
0.515557 0.0524112 0.855251 173.88 -0.00468005 0.998285 -0.0583554 -14.0796 -0.856843 0.0260829 0.514918 134.081
0.512348 0.0487249 0.857395 174.519 -0.0120005 0.998698 -0.0495839 -14.1223 -0.858694 0.015115 0.512265 134.484
0.509054 0.0506928 0.859241 175.161 -0.0140148 0.99862 -0.0506127 -14.1683 -0.860621 0.0137225 0.509062 134.884
0.506302 0.0533523 0.860704 175.794 -0.0119338 0.998422 -0.054869 -14.2121 -0.862274 0.0175088 0.50614 135.253
0.504568 0.0551248 0.86161 176.419 -0.0106934 0.998282 -0.0576068 -14.2546 -0.863306 0.0198531 0.504291 135.612
0.501542 0.0541804 0.863435 177.042 -0.0110826 0.998357 -0.0562093 -14.299 -0.865062 0.0186222 0.501319 135.985
0.499932 0.0533341 0.864421 177.663 -0.01113 0.998415 -0.0551645 -14.3383 -0.865993 0.0179575 0.499733 136.344
0.49717 0.0526711 0.866053 178.282 -0.0108692 0.998455 -0.0544838 -14.3809 -0.867585 0.0176744 0.496974 136.708
0.493949 0.0529727 0.867876 178.885 -0.00920079 0.998405 -0.0557032 -14.4177 -0.869442 0.0195294 0.493649 137.054
0.48982 0.0544513 0.870121 179.47 -0.0083344 0.998295 -0.0577805 -14.4574 -0.871784 0.0210501 0.489438 137.394
0.485164 0.0560623 0.872624 180.063 -0.00844248 0.998196 -0.0594359 -14.5036 -0.874383 0.0214691 0.484762 137.728
0.481158 0.0581972 0.8747 180.661 -0.00843383 0.998055 -0.0617652 -14.5423 -0.876593 0.0223418 0.480713 138.056
0.476415 0.0606671 0.877125 181.235 -0.00885027 0.997897 -0.0642134 -14.5812 -0.879176 0.0228294 0.47595 138.358
0.470559 0.0636697 0.880068 181.808 -0.00752931 0.997647 -0.0681502 -14.6256 -0.882336 0.0254424 0.469931 138.672
0.463629 0.0661261 0.883558 182.395 -0.00598588 0.997422 -0.0715068 -14.674 -0.886009 0.0278638 0.46283 138.985
0.456943 0.0686451 0.886843 182.983 -0.00755318 0.997281 -0.0733017 -14.7205 -0.889464 0.0267962 0.456219 139.284
0.449686 0.0707443 0.89038 183.576 -0.0117592 0.997241 -0.0732958 -14.7632 -0.893109 0.0224899 0.449278 139.596
0.443329 0.0724452 0.893426 184.183 -0.0151094 0.997191 -0.0733616 -14.8017 -0.896232 0.0190242 0.443179 139.901
0.437407 0.073326 0.896269 184.796 -0.0156549 0.99714 -0.0739385 -14.8542 -0.899127 0.0183103 0.437304 140.196
0.429684 0.0759955 0.899776 185.413 -0.0166086 0.996949 -0.0762714 -14.9066 -0.902827 0.0178286 0.429635 140.499
0.421582 0.0809185 0.903173 186.026 -0.0197447 0.996594 -0.080072 -14.9563 -0.906575 0.015924 0.421743 140.797
0.414287 0.0845187 0.906213 186.655 -0.0217728 0.996314 -0.0829683 -15.0082 -0.909886 0.0146419 0.4146 141.082
0.407557 0.0870971 0.909017 187.3 -0.0230828 0.996106 -0.0850923 -15.0613 -0.912888 0.0136973 0.40798 141.377
0.399525 0.0895415 0.912339 187.95 -0.0234925 0.995892 -0.0874541 -15.123 -0.916421 0.0135069 0.399987 141.673
0.392509 0.0922183 0.915114 188.612 -0.0250167 0.995663 -0.0896054 -15.1762 -0.919408 0.0122778 0.393113 141.958
0.385376 0.0923941 0.918123 189.281 -0.0216509 0.995606 -0.0911037 -15.2408 -0.922506 0.015231 0.385683 142.232
0.377194 0.0918283 0.92157 189.964 -0.0200315 0.995648 -0.0910109 -15.3016 -0.925918 0.0158684 0.377392 142.509
0.369948 0.089463 0.924735 190.662 -0.0188195 0.99587 -0.0888161 -15.364 -0.928862 0.0154543 0.370104 142.787
0.36214 0.0868655 0.928067 191.376 -0.0197909 0.99614 -0.0855145 -15.422 -0.931914 0.012601 0.362462 143.077
0.354777 0.0831804 0.931243 192.093 -0.0191065 0.996472 -0.0817277 -15.4771 -0.934756 0.0112024 0.355115 143.359
0.349803 0.0791581 0.933473 192.835 -0.0154941 0.996776 -0.0787201 -15.5405 -0.936695 0.0130732 0.349902 143.62
0.344605 0.0735729 0.93586 193.584 -0.0156104 0.997235 -0.0726498 -15.5958 -0.938618 0.0104263 0.344801 143.9
0.338968 0.0686496 0.93829 194.344 -0.0145099 0.997597 -0.0677469 -15.6341 -0.940686 0.00934954 0.33915 144.177
0.334087 0.06791 0.940092 195.132 -0.0101295 0.997602 -0.0684646 -15.6923 -0.942488 0.0133505 0.333974 144.459
0.329516 0.0750692 0.941161 195.907 -0.00650441 0.996991 -0.077245 -15.7525 -0.944128 0.0193318 0.329013 144.722
0.325694 0.0860124 0.941555 196.692 -0.00281658 0.995937 -0.090006 -15.8163 -0.945471 0.0266625 0.324613 144.981
0.322006 0.0924033 0.942217 197.489 0.00308979 0.995118 -0.0986472 -15.8902 -0.946733 0.0346763 0.320149 145.243
0.318035 0.088391 0.943949 198.319 0.00974907 0.995287 -0.0964829 -15.9613 -0.948029 0.0398876 0.315675 145.517
0.313423 0.08053 0.946193 199.144 0.0160988 0.995804 -0.090085 -16.0357 -0.949477 0.0434673 0.310812 145.78
0.309027 0.0749447 0.948096 199.987 0.0194668 0.996183 -0.085091 -16.1036 -0.950854 0.0447518 0.306389 146.045
0.304521 0.0801791 0.949125 200.825 0.0164448 0.99586 -0.0894033 -16.1837 -0.952364 0.0428334 0.301942 146.313
0.300283 0.0898565 0.949608 201.673 0.0110957 0.995156 -0.0976751 -16.2582 -0.953786 0.0398668 0.297832 146.586
0.295648 0.093247 0.950735 202.514 0.00704547 0.994985 -0.0997779 -16.3388 -0.955271 0.0361975 0.293508 146.855
0.290078 0.0892304 0.952834 203.371 0.00472018 0.995498 -0.0946628 -16.4137 -0.956991 0.0319571 0.288351 147.126
0.28446 0.0858087 0.95484 204.225 0.00271291 0.99591 -0.0903078 -16.4886 -0.958684 0.0282794 0.283064 147.389
0.279132 0.0865099 0.956348 205.102 0.00191933 0.995881 -0.0906462 -16.5674 -0.960251 0.0271378 0.277816 147.644
0.274577 0.0909231 0.957257 205.976 -0.000624512 0.995536 -0.0943799 -16.6482 -0.961565 0.0253167 0.273408 147.895
0.269999 0.0911075 0.958541 206.876 0.00289599 0.995432 -0.0954297 -16.7254 -0.962856 0.0285418 0.268501 148.148
0.266164 0.0900426 0.959713 207.765 0.00722072 0.995413 -0.0953946 -16.8078 -0.963901 0.0323204 0.264293 148.392
0.262247 0.089046 0.960883 208.68 0.00919775 0.995458 -0.0947603 -16.8877 -0.964957 0.0336886 0.260237 148.643
0.259008 0.0882697 0.961833 209.591 0.0111813 0.995475 -0.094368 -16.9696 -0.96581 0.0351966 0.256849 148.887
0.256668 0.087278 0.962551 210.502 0.0117371 0.995559 -0.0934008 -17.0542 -0.966428 0.0352706 0.254504 149.13
0.253094 0.0866461 0.963554 211.4 0.00919825 0.995721 -0.0919547 -17.1338 -0.967398 0.0321362 0.251214 149.383
0.250682 0.0842323 0.964398 212.328 0.00945926 0.995947 -0.0894466 -17.2173 -0.968023 0.0315452 0.248869 149.63
0.249068 0.0841368 0.964824 213.26 0.00675043 0.996044 -0.0886019 -17.296 -0.968463 0.0285809 0.247515 149.873
0.246799 0.0868304 0.965169 214.147 0.00437189 0.995868 -0.0907102 -17.3748 -0.969057 0.0266068 0.2454 150.11
0.245342 0.0880621 0.965429 215.075 0.00343312 0.99578 -0.0917031 -17.4599 -0.969431 0.0258131 0.244005 150.346
0.2433 0.0880548 0.965946 215.993 0.0042397 0.995765 -0.0918409 -17.54 -0.969942 0.0264402 0.241896 150.584
0.242314 0.0867165 0.966315 216.901 0.00425366 0.995893 -0.0904375 -17.6321 -0.970188 0.0260247 0.24095 150.81
0.241259 0.0828785 0.966915 217.827 0.0050887 0.996225 -0.0866604 -17.6975 -0.970448 0.0258279 0.239926 151.046
0.239977 0.0796957 0.967502 218.763 0.00775004 0.996435 -0.0840014 -17.7961 -0.970748 0.0276566 0.238504 151.282
0.238946 0.0814306 0.967612 219.662 0.00635249 0.996325 -0.0854156 -17.8659 -0.971012 0.0265565 0.237551 151.506
0.237011 0.0876443 0.967545 220.586 0.0052386 0.995793 -0.0914863 -17.9479 -0.971493 0.0267519 0.235555 151.743
0.23531 0.0908321 0.967667 221.488 0.00575385 0.995476 -0.0948416 -18.0278 -0.971903 0.027885 0.233723 151.964
0.232657 0.0917816 0.968218 222.424 0.00391539 0.995441 -0.095303 -18.1189 -0.972551 0.0259638 0.231237 152.191
0.229721 0.0880374 0.969267 223.351 0.00354334 0.995818 -0.0912888 -18.2032 -0.97325 0.0244054 0.228448 152.414
0.226613 0.082401 0.970493 224.273 0.00300416 0.996351 -0.0852979 -18.282 -0.97398 0.0222451 0.225538 152.642
0.223526 0.0785159 0.97153 225.205 0.00437879 0.996659 -0.0815541 -18.3578 -0.974688 0.0224836 0.222435 152.856
0.220078 0.0783471 0.972331 226.127 0.00280562 0.996714 -0.0809469 -18.4395 -0.975478 0.0205426 0.219135 153.074
0.215594 0.0797993 0.973217 227.031 0.00283277 0.9966 -0.0823442 -18.512 -0.976479 0.0205098 0.214635 153.28
0.21183 0.0801634 0.974013 227.945 0.00346003 0.996563 -0.0827718 -18.5892 -0.977301 0.0209036 0.210824 153.478
0.208269 0.0797574 0.974814 228.862 0.00307039 0.996611 -0.0821967 -18.6586 -0.978067 0.0201121 0.207318 153.671
0.204463 0.0788064 0.975697 229.798 0.00373288 0.996684 -0.0812837 -18.7374 -0.978867 0.0202617 0.203491 153.866
0.200262 0.0784977 0.976593 230.696 0.00274741 0.996736 -0.0806802 -18.8074 -0.979739 0.0188403 0.199393 154.054
0.196416 0.0789659 0.977336 231.621 0.00150937 0.996726 -0.080836 -18.8842 -0.98052 0.0173527 0.195654 154.241
0.192196 0.0802503 0.97807 232.53 -0.00147895 0.996673 -0.0814861 -18.9557 -0.981355 0.0142148 0.191676 154.431
0.188049 0.079739 0.978917 233.432 -0.00357293 0.996748 -0.0805051 -19.0322 -0.982153 0.0116413 0.187723 154.608
0.184362 0.0807081 0.979539 234.341 -0.00781034 0.996712 -0.080653 -19.1016 -0.982827 0.00721884 0.184386 154.798
0.180518 0.085226 0.979872 235.243 -0.0129483 0.996358 -0.0842744 -19.1755 -0.983486 0.00252534 0.180964 154.986
0.176887 0.0904186 0.980069 236.15 -0.0156923 0.995904 -0.0890473 -19.253 -0.984106 0.000371826 0.177581 155.162
0.17324 0.0929773 0.980481 237.048 -0.0177074 0.995667 -0.0912886 -19.3265 -0.98472 -0.00154694 0.174136 155.327
0.170094 0.0903566 0.981277 237.962 -0.018588 0.995904 -0.0884815 -19.4091 -0.985253 -0.00318975 0.171077 155.488
0.165846 0.0869888 0.982307 238.864 -0.0182609 0.996202 -0.0851362 -19.4843 -0.985983 -0.00381828 0.166805 155.644
0.162559 0.0839309 0.983123 239.756 -0.0176657 0.996463 -0.0821488 -19.5584 -0.986541 -0.00401347 0.163467 155.797
0.159843 0.0828371 0.983661 240.656 -0.0167511 0.996557 -0.0812011 -19.6324 -0.987 -0.00349795 0.160681 155.952
0.156396 0.0824882 0.984244 241.57 -0.016069 0.996587 -0.0809693 -19.7113 -0.987564 -0.00315256 0.157188 156.097
0.151367 0.0841073 0.984893 242.454 -0.0162456 0.996451 -0.0825975 -19.7784 -0.988344 -0.00349762 0.152196 156.24
0.147632 0.0869209 0.985215 243.363 -0.0169698 0.996207 -0.0853477 -19.8604 -0.988897 -0.00411882 0.148547 156.38
0.141665 0.0827739 0.986448 244.251 -0.00805698 0.996561 -0.0824654 -19.9311 -0.989882 0.00373467 0.141845 156.499
0.137841 0.0767148 0.987479 245.149 -0.00636018 0.997044 -0.0765701 -20.0023 -0.990434 0.00427398 0.137922 156.621
0.132474 0.0780321 0.98811 246.056 -0.00616775 0.996942 -0.0779027 -20.0688 -0.991167 0.00422569 0.132551 156.748
0.129173 0.0893243 0.987591 246.902 -0.00409391 0.995974 -0.0895471 -20.1507 -0.991614 0.00752393 0.129018 156.854
0.12359 0.10227 0.987049 247.769 -0.00384109 0.994717 -0.102584 -20.2259 -0.992326 0.00888701 0.12333 156.97
0.117406 0.106712 0.987334 248.647 -0.00428315 0.994255 -0.106951 -20.3114 -0.993075 0.00832778 0.117189 157.081
0.112422 0.102073 0.988404 249.538 -0.00813795 0.994771 -0.101805 -20.3893 -0.993627 0.00340151 0.112665 157.186
0.10786 0.0951195 0.989605 250.416 -0.0101704 0.995466 -0.0945743 -20.4735 -0.994114 0.000136075 0.108338 157.286
0.102546 0.0907719 0.990578 251.306 -0.0119192 0.995868 -0.0900228 -20.5532 -0.994657 -0.00257543 0.103204 157.384
0.0961797 0.0904948 0.991242 252.179 -0.0159895 0.995871 -0.0893659 -20.6312 -0.995236 -0.00725429 0.0972295 157.481
0.0890021 0.0884696 0.992095 253.045 -0.0195965 0.99601 -0.0870607 -20.7087 -0.995839 -0.011693 0.0903807 157.571
0.0819297 0.0846021 0.993041 253.92 -0.0236907 0.996274 -0.082923 -20.7779 -0.996357 -0.0167319 0.0836287 157.651
0.0743164 0.0811177 0.99393 254.789 -0.0252333 0.99652 -0.0794424 -20.8492 -0.996915 -0.0191763 0.0761047 157.725
0.0669026 0.0823687 0.994354 255.664 -0.0212333 0.996478 -0.0811161 -20.9248 -0.997534 -0.0156865 0.068416 157.789
0.0612064 0.086176 0.994398 256.531 -0.0193183 0.996182 -0.0851415 -20.9918 -0.997938 -0.0139989 0.0626375 157.834
0.0546979 0.0884021 0.994582 257.387 -0.0172877 0.996008 -0.0875781 -21.0606 -0.998353 -0.0124037 0.0560078 157.883
0.0475099 0.0870861 0.995067 258.256 -0.0168868 0.99612 -0.086372 -21.131 -0.998728 -0.0126999 0.0487961 157.931
0.0410531 0.0843595 0.995589 259.129 -0.0180359 0.99633 -0.0836785 -21.2029 -0.998994 -0.014521 0.0424239 157.977
0.0351984 0.0831017 0.995919 259.997 -0.0148362 0.99647 -0.0826233 -21.2722 -0.99927 -0.0118674 0.0363071 158.005
0.0307287 0.0850906 0.995899 260.854 -0.0126988 0.996323 -0.0847349 -21.3456 -0.999447 -0.0100429 0.0316963 158.032
0.0263801 0.0888974 0.995691 261.718 -0.0134804 0.995979 -0.088566 -21.4129 -0.999561 -0.011086 0.0274724 158.054
0.0224402 0.0901626 0.995674 262.562 -0.0114813 0.995883 -0.0899227 -21.4862 -0.999682 -0.0094137 0.023383 158.071
0.0188498 0.089127 0.995842 263.399 -0.00605249 0.996011 -0.0890276 -21.5614 -0.999804 -0.00434917 0.0193141 158.089
0.0183399 0.0866632 0.996069 264.267 -0.00365454 0.996236 -0.0866104 -21.6343 -0.999825 -0.00205174 0.0185876 158.101
0.0158162 0.0848841 0.996265 265.122 -0.00169903 0.996391 -0.0848678 -21.7061 -0.999874 -0.000350402 0.0159033 158.119
0.0155211 0.0836732 0.996372 265.995 0.00048025 0.996492 -0.0836907 -21.778 -0.999879 0.00177749 0.0154265 158.124
0.0151219 0.0849571 0.99627 266.867 0.00240824 0.996378 -0.0850029 -21.8544 -0.999883 0.00368466 0.0148625 158.135
0.0143196 0.0862734 0.996169 267.712 0.00440592 0.996256 -0.0863443 -21.9261 -0.999888 0.00562546 0.0138859 158.151
0.0149765 0.0877599 0.996029 268.549 0.00765289 0.996102 -0.0878813 -21.996 -0.999859 0.00893866 0.0142465 158.164
0.015723 0.0889069 0.995916 269.392 0.00981008 0.995977 -0.0890673 -22.0658 -0.999828 0.0111704 0.0147876 158.181
0.0172528 0.0889976 0.995882 270.223 0.0114353 0.995948 -0.0892016 -22.1411 -0.999786 0.0129272 0.0161652 158.196
0.0177773 0.0889559 0.995877 271.055 0.0131605 0.995927 -0.0891953 -22.2181 -0.999755 0.0146919 0.0165342 158.217
0.0212037 0.0877906 0.995913 271.864 0.0141419 0.996011 -0.0881003 -22.2874 -0.999675 0.0159522 0.0198776 158.229
0.0240135 0.0858293 0.99602 272.67 0.0150444 0.996164 -0.0862044 -22.3591 -0.999598 0.0170546 0.0226301 158.247
0.0269576 0.0825474 0.996222 273.464 0.0155544 0.996429 -0.0829855 -22.4268 -0.999516 0.0177327 0.0255773 158.267
0.0297726 0.0793135 0.996405 274.253 0.0147088 0.996704 -0.0797769 -22.4997 -0.999449 0.017031 0.0285078 158.294
0.034186 0.0773157 0.99642 275.024 0.0130783 0.996883 -0.0778003 -22.558 -0.99933 0.0156911 0.0330683 158.315
0.0383294 0.0773375 0.996268 275.77 0.00796541 0.996945 -0.0776965 -22.6175 -0.999233 0.0109137 0.0375962 158.354
0.042211 0.0785366 0.996017 276.526 0.00529815 0.996874 -0.0788287 -22.6824 -0.999095 0.00860449 0.0416629 158.396
0.0452716 0.0788759 0.995856 277.256 0.00431554 0.996853 -0.0791511 -22.7371 -0.998965 0.00788095 0.0447888 158.435
0.0487273 0.0763659 0.995888 277.983 0.00473867 0.997044 -0.0766864 -22.7948 -0.998801 0.0084559 0.0482214 158.472
0.0523269 0.0731147 0.99595 278.713 0.00255173 0.997303 -0.0733481 -22.8557 -0.998627 0.00637948 0.0519992 158.515
0.0570702 0.0712804 0.995822 279.417 0.000131611 0.997447 -0.0714043 -22.906 -0.99837 0.00420612 0.0569152 158.559
0.0600908 0.0721888 0.995579 280.1 0.00112308 0.997376 -0.0723869 -22.958 -0.998192 0.00546791 0.0598521 158.614
0.0641239 0.073443 0.995236 280.774 0.000852418 0.997284 -0.0736491 -23.0098 -0.997942 0.00557103 0.0638872 158.659
0.0681532 0.0753203 0.994828 281.439 0.000738509 0.997142 -0.0755461 -23.0571 -0.997675 0.00588341 0.0679028 158.705
0.070996 0.0779586 0.994425 282.075 -0.000288259 0.996943 -0.0781354 -23.114 -0.997477 0.00526065 0.0708014 158.761
0.0736031 0.0783266 0.994207 282.717 -0.00336804 0.996925 -0.0782914 -23.1635 -0.997282 0.00241397 0.0736406 158.818
0.0776125 0.0792973 0.993825 283.337 -0.00604137 0.996851 -0.0790669 -23.2099 -0.996965 0.000132514 0.0778472 158.872
0.0814857 0.0793167 0.993513 283.956 -0.00765852 0.996849 -0.0789549 -23.2588 -0.996645 -0.00117515 0.0818363 158.926
0.0851874 0.0788252 0.993242 284.535 -0.00836286 0.996887 -0.0783972 -23.312 -0.99633 -0.00162789 0.0855814 158.978
0.0878426 0.0796875 0.992942 285.107 -0.00916843 0.996818 -0.0791874 -23.3564 -0.996092 -0.00214768 0.0882937 159.033
0.0907951 0.0827495 0.992426 285.693 -0.0129037 0.996556 -0.0819134 -23.4049 -0.995786 -0.00536859 0.0915502 159.095
0.0933721 0.0827098 0.99219 286.244 -0.013356 0.996558 -0.081817 -23.4463 -0.995542 -0.00561223 0.0941553 159.157
0.096811 0.0826282 0.991867 286.794 -0.0152624 0.996554 -0.081529 -23.4954 -0.995186 -0.00724533 0.0977385 159.221
0.0997389 0.0822244 0.99161 287.333 -0.016184 0.996582 -0.0810089 -23.5381 -0.994882 -0.00796845 0.100729 159.287
0.102581 0.0825859 0.99129 287.877 -0.0164154 0.996552 -0.0813256 -23.5867 -0.994589 -0.00792991 0.103583 159.34
0.105754 0.0835374 0.990877 288.408 -0.0176008 0.996466 -0.0821301 -23.6298 -0.994237 -0.00875461 0.106851 159.4
0.107828 0.0848499 0.990542 288.917 -0.0181592 0.996353 -0.0833709 -23.6693 -0.994004 -0.00899773 0.108976 159.468
0.110546 0.0859111 0.990151 289.423 -0.0172648 0.996273 -0.0845147 -23.715 -0.993721 -0.00775204 0.111617 159.524
0.112619 0.0874712 0.989781 289.936 -0.0187187 0.996128 -0.0859023 -23.7578 -0.993462 -0.00885321 0.11382 159.59
0.114448 0.088941 0.98944 290.425 -0.0193534 0.995995 -0.0872916 -23.7948 -0.993241 -0.0091587 0.11571 159.653
0.114795 0.0902813 0.989278 290.909 -0.020285 0.995867 -0.0885288 -23.8388 -0.993182 -0.00990485 0.116152 159.714
0.116291 0.0914981 0.988992 291.368 -0.0209848 0.995752 -0.089656 -23.8813 -0.992994 -0.0103276 0.117717 159.781
0.116769 0.0922977 0.988861 291.85 -0.0204523 0.995685 -0.0905195 -23.9226 -0.992949 -0.00965465 0.118153 159.842
0.116423 0.0923613 0.988896 292.329 -0.0204511 0.995679 -0.090587 -23.9701 -0.992989 -0.00967768 0.117808 159.9
0.115148 0.091996 0.989079 292.818 -0.0220533 0.995694 -0.0900438 -24.0048 -0.993104 -0.0114441 0.116681 159.961
0.113674 0.0910413 0.989338 293.316 -0.0225108 0.995773 -0.0890471 -24.0446 -0.993263 -0.0121485 0.115242 160.017
0.112442 0.0913844 0.989447 293.821 -0.0212043 0.995756 -0.0895574 -24.0917 -0.993432 -0.0109105 0.113903 160.076
0.109897 0.0939556 0.989492 294.321 -0.0185956 0.995542 -0.0924648 -24.1397 -0.993769 -0.00823859 0.111154 160.138
0.108621 0.0977274 0.989268 294.833 -0.0128703 0.995211 -0.0969013 -24.1901 -0.994 -0.00220665 0.109359 160.188
0.106837 0.102713 0.988957 295.364 -0.0101115 0.994711 -0.102218 -24.2367 -0.994225 0.000920902 0.10731 160.236
0.104434 0.10584 0.988884 295.907 -0.0112751 0.994383 -0.105237 -24.2806 -0.994468 -0.000159364 0.105041 160.296
0.102267 0.106575 0.989031 296.461 -0.0114742 0.994304 -0.105957 -24.3234 -0.994691 -0.000512412 0.102907 160.356
0.100342 0.103498 0.989555 297.021 -0.00750431 0.994625 -0.103267 -24.3753 -0.994925 0.00293614 0.10058 160.407
0.099036 0.0981201 0.990234 297.589 0.00158914 0.99511 -0.0987621 -24.4393 -0.995083 0.0113546 0.0983958 160.45
0.0973385 0.0970576 0.990507 298.162 0.00386843 0.995189 -0.0978965 -24.4996 -0.995244 0.0133608 0.0964947 160.496
0.0945754 0.100239 0.990458 298.75 -0.00025375 0.99492 -0.100666 -24.5535 -0.995518 0.00926925 0.0941204 160.562
0.0927729 0.102327 0.990415 299.349 -0.00314954 0.99473 -0.102478 -24.593 -0.995682 0.00638781 0.0926063 160.622
0.0916999 0.100851 0.990666 299.962 0.00180227 0.99484 -0.101443 -24.6494 -0.995785 0.0110878 0.091045 160.676
0.0901397 0.0991103 0.990985 300.585 0.00615623 0.994962 -0.100068 -24.7057 -0.99591 0.0151208 0.0890754 160.726
0.0901719 0.0988296 0.99101 301.215 0.00769206 0.994965 -0.0999239 -24.7707 -0.995897 0.0166332 0.0889578 160.768
0.0862602 0.0998617 0.991255 301.855 0.00421515 0.994918 -0.100598 -24.8318 -0.996264 0.0128559 0.0854009 160.838
0.0851488 0.101926 0.991141 302.512 0.0024179 0.99473 -0.102502 -24.8889 -0.996365 0.0111244 0.0844537 160.897
0.0821351 0.10516 0.991058 303.181 0.000703732 0.994411 -0.105574 -24.9441 -0.996621 0.00936879 0.081602 160.967
0.0805263 0.107374 0.990952 303.879 0.00186744 0.994163 -0.107873 -25.0111 -0.996751 0.0105372 0.0798557 161.03
0.0781241 0.106432 0.991246 304.558 -0.000841105 0.994292 -0.106693 -25.0766 -0.996943 0.00750154 0.0777676 161.092
0.0763681 0.105571 0.991475 305.251 -0.00441402 0.994405 -0.105543 -25.1458 -0.99707 0.00368377 0.0764068 161.157
0.0759065 0.10657 0.991403 305.97 -0.00581948 0.994302 -0.106437 -25.2121 -0.997098 0.00230977 0.0760942 161.208
0.0738187 0.111032 0.991071 306.681 -0.00242291 0.9938 -0.111157 -25.2915 -0.997269 0.00580419 0.07363 161.256
0.0721913 0.117218 0.990479 307.399 -0.000619544 0.993075 -0.117481 -25.3667 -0.997391 0.00786743 0.071764 161.309
0.0705067 0.120935 0.990153 308.114 -0.000848143 0.99263 -0.121178 -25.437 -0.997511 0.00770404 0.0700897 161.369
0.0709682 0.118896 0.990367 308.859 0.00256821 0.992846 -0.119378 -25.5179 -0.997475 0.0110155 0.0701551 161.408
0.0685172 0.112775 0.991255 309.612 0.00801377 0.993496 -0.113584 -25.6042 -0.997618 0.0157261 0.0671679 161.451
0.0689118 0.109754 0.991567 310.372 0.0115731 0.993775 -0.110803 -25.6865 -0.997556 0.0191111 0.0672126 161.48
0.067955 0.110157 0.991588 311.142 0.0134192 0.993695 -0.111311 -25.7686 -0.997598 0.0208705 0.0660483 161.529
0.0676416 0.111787 0.991427 311.912 0.0146833 0.993484 -0.113021 -25.845 -0.997602 0.0222023 0.0655595 161.588
0.0668055 0.113208 0.991323 312.684 0.0163432 0.993285 -0.114534 -25.9219 -0.997632 0.0238529 0.0645067 161.643
0.0681506 0.112374 0.991326 313.484 0.0166635 0.99337 -0.113751 -26.0035 -0.997536 0.0242712 0.0658262 161.686
0.0693411 0.110475 0.991457 314.28 0.0172684 0.993567 -0.111918 -26.0873 -0.997444 0.0248814 0.0669874 161.736
0.0698125 0.109113 0.991575 315.096 0.0179153 0.993703 -0.110608 -26.1725 -0.997399 0.0254862 0.0674181 161.797
0.0714648 0.108536 0.99152 315.888 0.018205 0.993755 -0.110092 -26.2539 -0.997277 0.0259183 0.0690426 161.846
0.0723692 0.106635 0.991661 316.714 0.018109 0.993964 -0.108205 -26.3347 -0.997214 0.0257887 0.0700013 161.914
0.073797 0.104864 0.991745 317.541 0.0182446 0.994148 -0.106475 -26.4242 -0.997106 0.0259515 0.0714519 161.977
0.0756719 0.103831 0.991712 318.38 0.0197373 0.994213 -0.105599 -26.5006 -0.996937 0.0275646 0.0731847 162.041
0.0777325 0.103215 0.991617 319.228 0.0205168 0.99425 -0.105097 -26.5841 -0.996763 0.0285143 0.0751679 162.101
0.081152 0.103363 0.991328 320.063 0.0211666 0.994205 -0.105395 -26.6631 -0.996477 0.0295361 0.0784939 162.155
0.083867 0.10236 0.991206 320.941 0.0231938 0.99424 -0.104636 -26.7487 -0.996207 0.0317654 0.0810098 162.238
0.0865169 0.101019 0.991116 321.798 0.0248945 0.994316 -0.103518 -26.8294 -0.995939 0.0336294 0.0835103 162.311
0.0897909 0.0998217 0.990946 322.665 0.0258739 0.994395 -0.102514 -26.9182 -0.995625 0.0348444 0.0867048 162.387
0.0922985 0.100254 0.990671 323.542 0.0263749 0.994323 -0.103081 -27.0014 -0.995382 0.0356431 0.0891303 162.462
0.0955903 0.100695 0.990315 324.416 0.0272385 0.994233 -0.103723 -27.0863 -0.995048 0.0368896 0.0922963 162.55
0.0986725 0.101449 0.989935 325.3 0.0261512 0.994182 -0.104491 -27.176 -0.994776 0.0361983 0.0954454 162.642
0.101938 0.103068 0.989437 326.193 0.0244604 0.994058 -0.106069 -27.2563 -0.99449 0.0350145 0.0988109 162.738
0.1042 0.104064 0.989097 327.085 0.0222997 0.994016 -0.106931 -27.3449 -0.994306 0.0331988 0.101256 162.833
0.106514 0.104503 0.988804 327.98 0.0199586 0.994037 -0.107206 -27.436 -0.994111 0.0311541 0.103793 162.928
0.108912 0.10321 0.988679 328.896 0.0192679 0.994189 -0.105908 -27.5295 -0.993865 0.0305844 0.10629 163.033
0.110825 0.100396 0.988756 329.8 0.0195519 0.994472 -0.103168 -27.6208 -0.993648 0.0307657 0.10825 163.131
0.112074 0.0979385 0.988862 330.707 0.0198221 0.994713 -0.100765 -27.7069 -0.993502 0.0308944 0.10954 163.238
0.113482 0.0972926 0.988765 331.626 0.0209527 0.994738 -0.100285 -27.7923 -0.993319 0.0320979 0.110846 163.34
0.113975 0.0991159 0.988527 332.528 0.0222761 0.994506 -0.102284 -27.8901 -0.993234 0.0336784 0.111141 163.449
0.114453 0.0985132 0.988532 333.436 0.0220776 0.994573 -0.101671 -27.9754 -0.993183 0.033461 0.111657 163.557
0.114575 0.0970766 0.98866 334.361 0.0195345 0.994801 -0.0999435 -28.0633 -0.993223 0.030764 0.112083 163.67
0.113968 0.0955396 0.98888 335.272 0.0173056 0.995023 -0.0981276 -28.1521 -0.993334 0.0282965 0.111747 163.782
0.114908 0.0963836 0.988689 336.17 0.0151411 0.994996 -0.0987581 -28.2404 -0.993261 0.026318 0.112874 163.897
0.115017 0.0975137 0.988566 337.066 0.0146729 0.994895 -0.0998452 -28.3265 -0.993255 0.025989 0.112999 164.005
0.115274 0.0976578 0.988522 337.979 0.0148055 0.994876 -0.100012 -28.4151 -0.993223 0.0261643 0.113237 164.112
0.115822 0.0982724 0.988397 338.876 0.0140312 0.994832 -0.100556 -28.5025 -0.993171 0.025515 0.113845 164.21
0.116201 0.0989261 0.988287 339.783 0.0136841 0.994774 -0.101184 -28.5935 -0.993131 0.0252816 0.11424 164.319
0.117042 0.0985928 0.988221 340.682 0.0139029 0.9948 -0.100896 -28.6815 -0.99303 0.0255482 0.115063 164.426
0.117107 0.0972096 0.98835 341.56 0.0141431 0.994934 -0.0995329 -28.7647 -0.993019 0.0256344 0.115139 164.529
0.116901 0.097884 0.988308 342.452 0.0137703 0.994876 -0.100163 -28.8571 -0.993048 0.0253186 0.114955 164.647
0.117164 0.0999721 0.988068 343.325 0.0135023 0.994668 -0.102241 -28.9429 -0.993021 0.0253202 0.115189 164.748
0.118718 0.101263 0.987751 344.206 0.0160299 0.994461 -0.103877 -29.0296 -0.992799 0.0281657 0.116437 164.847
0.119705 0.0977949 0.987981 345.102 0.0187152 0.994738 -0.100731 -29.1147 -0.992633 0.0305483 0.117245 164.947
0.121785 0.0946006 0.988038 345.999 0.0208105 0.994985 -0.0978309 -29.1995 -0.992338 0.0324759 0.119206 165.049
0.123893 0.0958899 0.987652 346.871 0.0244567 0.994723 -0.0996443 -29.2859 -0.991994 0.0365 0.120894 165.157
0.126858 0.10094 0.986772 347.744 0.0294999 0.993985 -0.10547 -29.3761 -0.991482 0.0424893 0.123117 165.262
0.130011 0.103813 0.986063 348.637 0.0324151 0.993527 -0.108873 -29.4647 -0.990983 0.046118 0.125804 165.373
0.132688 0.103287 0.985761 349.517 0.0353364 0.99343 -0.108847 -29.5598 -0.990528 0.049276 0.128167 165.489
0.136405 0.102729 0.985312 350.402 0.0367664 0.993399 -0.108662 -29.6478 -0.989971 0.0510484 0.131728 165.596
0.140093 0.104803 0.984576 351.282 0.0369344 0.993137 -0.11097 -29.747 -0.989449 0.0519108 0.135261 165.716
0.143622 0.104661 0.984083 352.157 0.0372274 0.993117 -0.111055 -29.8411 -0.988932 0.0525847 0.138737 165.843
0.147823 0.100958 0.983847 353.057 0.0364937 0.993542 -0.107436 -29.9357 -0.98834 0.0517858 0.143184 165.977
0.1517 0.0967936 0.983676 353.933 0.0351127 0.994038 -0.103228 -30.0275 -0.987803 0.0501992 0.147396 166.113
0.156389 0.0954972 0.983068 354.818 0.0327877 0.994264 -0.101801 -30.1124 -0.987151 0.0481531 0.152361 166.256
0.161114 0.0949957 0.982353 355.688 0.0301509 0.994419 -0.101107 -30.1995 -0.986475 0.0459086 0.157351 166.409
0.167151 0.0942959 0.981412 356.566 0.0285951 0.994533 -0.100427 -30.2827 -0.985517 0.0448501 0.163541 166.562
0.172674 0.0939946 0.980484 357.437 0.0274483 0.994591 -0.100181 -30.3686 -0.984597 0.0442113 0.16916 166.724
0.179472 0.0950317 0.979162 358.315 0.0256749 0.994532 -0.101229 -30.4539 -0.983428 0.0433077 0.176051 166.891
0.187994 0.0959254 0.977475 359.189 0.0235696 0.994492 -0.102128 -30.542 -0.981887 0.0422383 0.184698 167.064
0.197276 0.0969714 0.97554 360.063 0.0214624 0.99443 -0.103189 -30.6283 -0.980113 0.0412942 0.194096 167.25
0.206841 0.0972954 0.973525 360.95 0.01972 0.994426 -0.103574 -30.718 -0.978176 0.0406212 0.203769 167.438
0.216028 0.097364 0.97152 361.823 0.0180354 0.994448 -0.103672 -30.8069 -0.976221 0.0399179 0.213073 167.633
0.225106 0.0969575 0.969498 362.689 0.0164633 0.994516 -0.103282 -30.8967 -0.974195 0.0392105 0.222276 167.838
0.233978 0.0969362 0.967397 363.562 0.0145004 0.994559 -0.103165 -30.9825 -0.972134 0.038166 0.231299 168.051
0.242284 0.0964558 0.965399 364.423 0.0130225 0.994633 -0.102645 -31.0732 -0.970118 0.0374411 0.239728 168.268
0.249501 0.0960061 0.963604 365.286 0.0113793 0.994714 -0.102052 -31.1636 -0.968308 0.0364273 0.24709 168.497
0.255085 0.096225 0.962119 366.164 0.00989469 0.994724 -0.102109 -31.2505 -0.966868 0.0355664 0.252787 168.733
0.26015 0.0969225 0.960691 367.017 0.00856965 0.994678 -0.102672 -31.3391 -0.96553 0.0349429 0.257935 168.971
0.264946 0.096437 0.959429 367.891 0.008029 0.994731 -0.102203 -31.4291 -0.96423 0.0347814 0.262775 169.216
0.269468 0.0965023 0.958162 368.769 0.00660221 0.994758 -0.102045 -31.5185 -0.962987 0.0338238 0.267418 169.471
0.274057 0.0963358 0.956876 369.631 0.00654282 0.99476 -0.102024 -31.6032 -0.961691 0.034221 0.271991 169.715
0.277984 0.0964831 0.955728 370.504 0.00628005 0.994739 -0.102248 -31.6933 -0.960565 0.0344253 0.275915 169.975
0.282761 0.0960945 0.954365 371.376 0.00592469 0.994775 -0.101919 -31.778 -0.959172 0.034473 0.280715 170.232
0.286857 0.0949221 0.953259 372.246 0.00565437 0.994894 -0.100769 -31.8651 -0.957957 0.0342965 0.284855 170.502
0.291629 0.093273 0.951973 373.121 0.00489783 0.995076 -0.0989965 -31.952 -0.956519 0.0335328 0.289736 170.775
0.295815 0.090922 0.950908 373.988 0.00516602 0.995293 -0.096773 -32.0402 -0.955231 0.0335393 0.293953 171.044
0.300435 0.0888136 0.949658 374.843 0.00465107 0.995507 -0.0945728 -32.1253 -0.953791 0.0328299 0.298672 171.317
0.30477 0.0870771 0.948437 375.694 0.00371751 0.995695 -0.0926105 -32.2065 -0.952419 0.0317507 0.303134 171.594
0.309157 0.087309 0.946995 376.585 0.00323335 0.995675 -0.0928527 -32.2867 -0.951006 0.031768 0.307538 171.883
0.314175 0.0903278 0.945058 377.434 0.0013982 0.995418 -0.095606 -32.372 -0.949364 0.0313584 0.312609 172.163
0.317906 0.0932289 0.943527 378.244 -0.001062 0.995188 -0.0979757 -32.4537 -0.948122 0.0301451 0.316476 172.448
0.322047 0.0937285 0.942072 379.088 -0.00264436 0.995172 -0.0981075 -32.5413 -0.94672 0.0291041 0.32074 172.747
0.325299 0.0904062 0.94128 379.924 -0.00444274 0.995554 -0.0940837 -32.6196 -0.945601 0.0264235 0.324254 173.039
0.327628 0.0875986 0.940737 380.747 -0.00751744 0.995903 -0.0901174 -32.6972 -0.944777 0.022453 0.326944 173.337
0.32921 0.0888847 0.940064 381.566 -0.0112452 0.995858 -0.0902221 -32.7739 -0.94419 0.0191308 0.328846 173.631
0.329677 0.093992 0.939403 382.389 -0.0147833 0.995424 -0.0944091 -32.8544 -0.943978 0.0172371 0.329558 173.935
0.330795 0.0985766 0.93854 383.196 -0.0165742 0.994983 -0.0986632 -32.9321 -0.943557 0.0170817 0.330769 174.23
0.330697 0.0988483 0.938546 384.001 -0.0181429 0.994982 -0.0983995 -33.0158 -0.943562 0.0155125 0.330831 174.526
0.330957 0.0954374 0.938807 384.802 -0.0208489 0.995369 -0.0938375 -33.0926 -0.943416 0.011483 0.331414 174.81
0.331515 0.0918391 0.938969 385.603 -0.0234353 0.995745 -0.0891182 -33.1646 -0.943159 0.007539 0.332257 175.099
0.331175 0.0896682 0.939299 386.399 -0.0244278 0.995955 -0.0864641 -33.2387 -0.943253 0.00568973 0.332026 175.386
0.331361 0.0892213 0.939276 387.178 -0.0245841 0.995997 -0.0859364 -33.3099 -0.943184 0.0053848 0.332229 175.666
0.331138 0.0899079 0.939289 387.961 -0.0244352 0.995933 -0.0867155 -33.3808 -0.943266 0.00576307 0.331988 175.95
0.329927 0.0906445 0.939645 388.751 -0.0242848 0.995865 -0.0875411 -33.454 -0.943694 0.00606301 0.330764 176.232
0.329897 0.0873173 0.93997 389.538 -0.0187663 0.996123 -0.0859472 -33.5162 -0.943831 0.0107139 0.330256 176.495
0.330263 0.0851212 0.940043 390.314 -0.0168082 0.996298 -0.0843099 -33.5909 -0.943739 0.012044 0.330471 176.766
0.329407 0.0870666 0.940165 391.095 -0.0170802 0.996126 -0.0862646 -33.6643 -0.944033 0.012358 0.329618 177.051
0.329048 0.0913749 0.939882 391.88 -0.0152376 0.995692 -0.0914661 -33.7311 -0.94419 0.0157753 0.329023 177.331
0.329222 0.09569 0.939391 392.663 -0.0146606 0.99525 -0.096242 -33.807 -0.944139 0.0179129 0.329061 177.602
0.3286 0.0952404 0.939655 393.454 -0.0155768 0.995314 -0.0954346 -33.8743 -0.944341 0.016723 0.328544 177.876
0.32839 0.0917911 0.940072 394.253 -0.015151 0.995651 -0.0919254 -33.9474 -0.944421 0.0159443 0.328352 178.16
0.327994 0.0912405 0.940263 395.073 -0.0156067 0.995712 -0.091177 -34.0253 -0.944551 0.0152311 0.328012 178.444
0.328084 0.0928281 0.940077 395.881 -0.0156408 0.995557 -0.0928479 -34.0931 -0.944519 0.0157584 0.328078 178.731
0.327889 0.0954574 0.939881 396.683 -0.0144247 0.995272 -0.0960509 -34.1701 -0.944606 0.0179365 0.327716 179.022
0.328477 0.0967594 0.939543 397.505 -0.0139595 0.995127 -0.0976034 -34.2425 -0.944409 0.0189449 0.328227 179.307
0.328216 0.0956116 0.939751 398.336 -0.0139566 0.995246 -0.0963833 -34.3191 -0.944499 0.0185188 0.327991 179.599
0.328629 0.092762 0.939893 399.174 -0.0128486 0.995512 -0.0937589 -34.3943 -0.944372 0.0187356 0.328346 179.891
0.328928 0.0918568 0.939877 400.012 -0.00943554 0.995528 -0.0939936 -34.474 -0.944308 0.0220489 0.328324 180.195
0.329737 0.0918768 0.939592 400.85 -0.0054339 0.995421 -0.0954291 -34.5501 -0.944057 0.0263608 0.328726 180.483
0.330341 0.0911643 0.939449 401.689 -0.00200501 0.99539 -0.0958878 -34.6335 -0.943859 0.0297921 0.329001 180.771
0.33217 0.0896275 0.938952 402.559 0.00055941 0.995456 -0.0952191 -34.7091 -0.943219 0.0321542 0.33061 181.066
0.334128 0.0880754 0.938404 403.415 0.00600412 0.995405 -0.0955632 -34.7956 -0.942509 0.0375646 0.332064 181.359
0.335302 0.0859564 0.938181 404.258 0.0102059 0.995439 -0.09485 -34.8841 -0.942055 0.0413784 0.332896 181.65
0.335621 0.0833377 0.938303 405.111 0.00889805 0.995754 -0.0916231 -34.9613 -0.941955 0.0390997 0.333455 181.96
0.335571 0.0786558 0.938725 405.96 0.00627464 0.996299 -0.0857229 -35.0283 -0.941994 0.0346563 0.333835 182.267
0.336613 0.0745024 0.938691 406.798 0.0069421 0.996642 -0.0815912 -35.0985 -0.941618 0.0339812 0.334965 182.568
0.336587 0.0749804 0.938663 407.628 0.0075644 0.996577 -0.0823191 -35.178 -0.941622 0.0348079 0.334867 182.877
0.337534 0.0776422 0.938106 408.462 0.00780676 0.996327 -0.0852699 -35.2465 -0.941281 0.0361051 0.335688 183.17
0.337835 0.0794072 0.93785 409.305 0.00862739 0.996132 -0.0874497 -35.3249 -0.941166 0.0376348 0.335843 183.478
0.339334 0.0773904 0.937477 410.13 0.0110897 0.996212 -0.0862531 -35.4026 -0.940601 0.039665 0.33719 183.769
0.339062 0.0746682 0.937796 410.946 0.0127575 0.996389 -0.0839459 -35.4767 -0.940677 0.0404268 0.336885 184.073
0.339468 0.0734218 0.937748 411.77 0.012395 0.996513 -0.08251 -35.5476 -0.940536 0.0396329 0.337374 184.376
0.339668 0.0739279 0.937636 412.595 0.0112534 0.996515 -0.0826469 -35.6246 -0.940478 0.0386241 0.337652 184.675
0.339175 0.0740877 0.937801 413.402 0.0103952 0.996538 -0.0824876 -35.6924 -0.940666 0.0377264 0.337231 184.968
0.338919 0.0727024 0.938002 414.198 0.0109386 0.996638 -0.0811994 -35.7581 -0.940752 0.0377805 0.336985 185.252
0.337729 0.0696171 0.938665 414.979 0.0124475 0.996843 -0.0784105 -35.8284 -0.941161 0.0381655 0.335796 185.537
0.336054 0.0680458 0.939381 415.751 0.0123626 0.996982 -0.0766408 -35.8951 -0.941762 0.0373686 0.334199 185.818
0.335991 0.067274 0.939459 416.538 0.0134589 0.997001 -0.0762081 -35.9593 -0.941769 0.0382494 0.334078 186.091
0.335003 0.0687623 0.939705 417.301 0.0146089 0.996835 -0.0781508 -36.0252 -0.942104 0.0399088 0.332938 186.357
0.333568 0.0730313 0.939893 418.038 0.0145229 0.996478 -0.0825823 -36.0871 -0.942614 0.0411968 0.331333 186.618
0.33168 0.0784818 0.940122 418.767 0.0125822 0.996077 -0.087592 -36.1557 -0.943308 0.0408813 0.329392 186.888
0.330425 0.0826691 0.940205 419.497 0.0116402 0.995724 -0.0916416 -36.2218 -0.943761 0.0412248 0.328049 187.151
0.329646 0.0836726 0.940389 420.221 0.011434 0.995638 -0.0925965 -36.2935 -0.944035 0.0412765 0.327251 187.399
0.327858 0.0805045 0.941291 420.963 0.0108806 0.995975 -0.0889712 -36.3591 -0.944664 0.0394118 0.325663 187.662
0.326528 0.0760592 0.942122 421.694 0.0111004 0.99638 -0.0842868 -36.4186 -0.945122 0.0379799 0.324502 187.919
0.326294 0.0736134 0.942398 422.417 0.0131957 0.996511 -0.0824092 -36.4843 -0.945176 0.0393252 0.324184 188.164
0.325834 0.0741553 0.942514 423.142 0.0146923 0.996402 -0.0834743 -36.5499 -0.945313 0.0410465 0.323572 188.409
0.326047 0.0757462 0.942314 423.868 0.0147657 0.996255 -0.0851912 -36.6143 -0.945238 0.0416903 0.323707 188.662
0.325947 0.0768193 0.942262 424.571 0.0150842 0.996144 -0.08643 -36.6762 -0.945268 0.0423848 0.323531 188.906
0.325411 0.0767089 0.942456 425.277 0.0165565 0.996089 -0.0867908 -36.7387 -0.945428 0.0438464 0.322868 189.149
0.325977 0.0771514 0.942224 425.998 0.0180118 0.995977 -0.0877842 -36.8044 -0.945206 0.0455868 0.323276 189.397
0.326504 0.0780604 0.941967 426.723 0.0190939 0.995836 -0.0891428 -36.8703 -0.945003 0.0470914 0.323654 189.643
0.325762 0.0800141 0.94206 427.414 0.0179054 0.995712 -0.0907626 -36.9305 -0.945282 0.046435 0.322932 189.892
0.325871 0.0798278 0.942038 428.128 0.0184194 0.995704 -0.090747 -36.9961 -0.945235 0.0469236 0.323 190.138
0.326472 0.0789016 0.941908 428.846 0.0182065 0.9958 -0.0897265 -37.0612 -0.945032 0.0464421 0.323664 190.378
0.327369 0.0772247 0.941736 429.562 0.01903 0.995914 -0.0882827 -37.1264 -0.944705 0.0468222 0.324562 190.629
0.328141 0.0756448 0.941595 430.271 0.0192769 0.996045 -0.086737 -37.1912 -0.944432 0.0466131 0.325385 190.878
0.329915 0.0735967 0.941137 430.99 0.0195856 0.996208 -0.0847689 -37.2522 -0.943808 0.0463992 0.327222 191.131
0.332271 0.0721468 0.940421 431.692 0.0199878 0.996308 -0.0834964 -37.3146 -0.942972 0.0465404 0.329602 191.373
0.33445 0.0724853 0.939622 432.39 0.0189077 0.996321 -0.0835892 -37.3772 -0.942224 0.0457225 0.331849 191.625
0.334975 0.0740385 0.939314 433.035 0.0169973 0.996271 -0.0845895 -37.4358 -0.942074 0.0443012 0.332468 191.879
0.3366 0.0747273 0.938678 433.695 0.0164242 0.996229 -0.0851984 -37.4988 -0.941504 0.0440948 0.334104 192.123
0.33814 0.0746165 0.938133 434.337 0.015493 0.996275 -0.0848252 -37.5565 -0.940968 0.0432173 0.335725 192.36
0.339203 0.0737655 0.937816 434.981 0.0145037 0.996392 -0.0836188 -37.6173 -0.940601 0.0419656 0.33691 192.599
0.339626 0.072938 0.937728 435.626 0.0132736 0.996518 -0.0823182 -37.6716 -0.940467 0.0404044 0.337475 192.839
0.340692 0.0724437 0.93738 436.255 0.0128022 0.996577 -0.0816716 -37.7296 -0.940088 0.0398253 0.338598 193.071
0.342205 0.0721888 0.936848 436.873 0.0126744 0.996599 -0.0814225 -37.7862 -0.93954 0.0397371 0.340126 193.295
0.342968 0.0720241 0.936582 437.485 0.013047 0.996595 -0.0814169 -37.8416 -0.939256 0.040143 0.340861 193.521
0.344553 0.0717201 0.936023 438.08 0.0134541 0.996598 -0.081314 -37.8951 -0.93867 0.0406104 0.342416 193.738
0.345639 0.0710384 0.935675 438.671 0.0146659 0.9966 -0.0810815 -37.9484 -0.938253 0.0417475 0.343422 193.957
0.346692 0.0710298 0.935286 439.248 0.0148109 0.99659 -0.0811756 -37.9994 -0.937862 0.0419954 0.344457 194.174
0.347458 0.0717045 0.93495 439.813 0.0138262 0.996572 -0.0815688 -38.0495 -0.937594 0.0412685 0.345275 194.394
0.349059 0.0719147 0.934337 440.377 0.013186 0.996575 -0.0816312 -38.0996 -0.937008 0.0408142 0.346915 194.6
0.349907 0.0719646 0.934016 440.916 0.0131469 0.996569 -0.0817094 -38.1458 -0.936692 0.0408701 0.34776 194.805
0.350996 0.0719716 0.933607 441.456 0.0127675 0.996581 -0.0816263 -38.1936 -0.93629 0.0405704 0.348878 195.01
0.351147 0.0716424 0.933575 441.977 0.0115243 0.996662 -0.0808183 -38.2423 -0.936249 0.0391379 0.34915 195.214
0.351673 0.0708977 0.933434 442.493 0.0105951 0.996763 -0.0796994 -38.2861 -0.936063 0.037918 0.349783 195.412
0.352353 0.0704062 0.933215 443.006 0.00979362 0.996834 -0.0789036 -38.3277 -0.935816 0.0369415 0.350548 195.605
0.35309 0.0696406 0.932994 443.503 0.0105825 0.996865 -0.078413 -38.374 -0.93553 0.0375603 0.351246 195.795
0.353644 0.0703924 0.932728 443.984 0.0112682 0.996771 -0.079498 -38.4162 -0.935312 0.0386242 0.351709 195.98
0.35396 0.0732872 0.932385 444.438 0.0100372 0.99657 -0.0821427 -38.4613 -0.935207 0.0384338 0.352011 196.156
0.354277 0.0762794 0.932024 444.9 0.00874504 0.996354 -0.0848685 -38.5039 -0.9351 0.0382176 0.352319 196.343
0.354716 0.0783078 0.931689 445.354 0.00803977 0.996194 -0.0867903 -38.546 -0.934939 0.0382765 0.352737 196.524
0.356632 0.0789334 0.930904 445.802 0.00965534 0.99606 -0.0881571 -38.5845 -0.934195 0.0404278 0.354465 196.687
0.357225 0.0783147 0.930729 446.228 0.010874 0.996062 -0.0879856 -38.6272 -0.933955 0.0415515 0.354967 196.851
0.355794 0.0772182 0.931369 446.646 0.0108438 0.996173 -0.0867335 -38.6674 -0.934501 0.0409589 0.353595 197.014
0.354742 0.0764099 0.931837 447.067 0.00924284 0.99632 -0.0852161 -38.7041 -0.934919 0.0388426 0.35273 197.173
0.353166 0.0758098 0.932484 447.468 0.00887333 0.996395 -0.0843663 -38.7427 -0.935518 0.0380696 0.351221 197.334
0.352112 0.074975 0.93295 447.846 0.00905065 0.996467 -0.0834953 -38.7793 -0.935914 0.0378435 0.35019 197.477
0.349316 0.0745109 0.934038 448.204 0.00931343 0.996508 -0.0829774 -38.8167 -0.936959 0.0376844 0.347402 197.618
0.349941 0.0740425 0.933841 448.565 0.00920729 0.996551 -0.082465 -38.8504 -0.936727 0.037456 0.348052 197.748
0.349484 0.0733935 0.934063 448.929 0.00933488 0.996605 -0.0818004 -38.8799 -0.936896 0.0373073 0.347613 197.876
0.348439 0.0725524 0.934519 449.262 0.00988038 0.99666 -0.0810607 -38.9103 -0.93728 0.0374781 0.346558 197.997
0.347401 0.0717802 0.934965 449.601 0.0106852 0.996698 -0.0804899 -38.943 -0.937656 0.0379526 0.345487 198.122
0.346275 0.0715277 0.935402 449.922 0.00997148 0.996752 -0.0799103 -38.9737 -0.93808 0.0369983 0.344437 198.241
0.344818 0.0716114 0.935934 450.23 0.00877385 0.996796 -0.0795007 -38.9991 -0.938628 0.035625 0.343085 198.371
0.344999 0.0716667 0.935863 450.541 0.00752459 0.996838 -0.0791099 -39.0243 -0.938573 0.0343348 0.343369 198.485
0.343645 0.0716958 0.936359 450.828 0.00799826 0.996822 -0.0792608 -39.0502 -0.939066 0.0347268 0.34198 198.59
0.341783 0.0720342 0.937014 451.108 0.00899778 0.996762 -0.0799094 -39.0738 -0.939736 0.0357428 0.340028 198.702
0.342067 0.0731238 0.936826 451.392 0.00961677 0.996643 -0.0813041 -39.1003 -0.939626 0.0368207 0.340215 198.795
0.341127 0.0735176 0.937138 451.655 0.00985059 0.996603 -0.0817682 -39.1233 -0.939966 0.0371247 0.339244 198.895
0.340684 0.0731774 0.937326 451.93 0.00961904 0.996643 -0.0813045 -39.1446 -0.940129 0.0367153 0.338836 199.001
0.342855 0.0725929 0.936579 452.199 0.00903809 0.996709 -0.080562 -39.1692 -0.939345 0.0360859 0.34107 199.091
0.343192 0.0726602 0.936451 452.462 0.00817494 0.996735 -0.0803336 -39.1899 -0.93923 0.0352253 0.341477 199.197
0.344644 0.0726397 0.935919 452.717 0.00688791 0.996779 -0.0798997 -39.2105 -0.938708 0.0339835 0.343034 199.296
0.346797 0.0728349 0.935108 452.975 0.00559525 0.996802 -0.0797153 -39.2311 -0.937924 0.0328772 0.34528 199.388
0.349556 0.073043 0.934064 453.232 0.00492668 0.996799 -0.0797926 -39.2499 -0.936903 0.0324938 0.348077 199.49
0.353626 0.0730412 0.932531 453.497 0.00503961 0.996783 -0.0799849 -39.2757 -0.935373 0.0329844 0.352121 199.597
0.359076 0.0727397 0.930469 453.766 0.00539318 0.99678 -0.0800048 -39.2988 -0.933293 0.033746 0.357527 199.704
0.366656 0.0731727 0.927475 454.017 0.00427193 0.996759 -0.0803277 -39.3237 -0.930347 0.0334147 0.365155 199.812
0.376408 0.0739773 0.923496 454.278 0.00300736 0.996704 -0.0810675 -39.3439 -0.926449 0.0332917 0.374945 199.924
0.387188 0.0748933 0.918954 454.542 0.00124079 0.996652 -0.0817483 -39.3701 -0.922 0.0327922 0.385799 200.045
0.398543 0.0750803 0.914071 454.816 0.00176312 0.996579 -0.0826261 -39.3908 -0.917148 0.0345417 0.397047 200.186
0.412835 0.0753017 0.907688 455.092 -0.000393526 0.996591 -0.0824981 -39.4169 -0.910806 0.0337009 0.411457 200.325
0.429083 0.076734 0.9 455.361 -0.00309028 0.996504 -0.0834886 -39.4374 -0.90326 0.0330423 0.42782 200.464
0.445797 0.0784052 0.891694 455.631 -0.00680538 0.996425 -0.0842117 -39.4599 -0.895108 0.031473 0.444737 200.628
0.464865 0.0804734 0.881717 455.915 -0.00876113 0.99623 -0.0863058 -39.4824 -0.885338 0.0323957 0.463818 200.795
0.48342 0.0823224 0.871509 456.185 -0.0100363 0.996024 -0.088517 -39.5167 -0.875331 0.0340442 0.482325 200.966
0.502636 0.0834115 0.860465 456.452 -0.0109247 0.995868 -0.0901555 -39.5431 -0.864429 0.0359151 0.50147 201.139
0.521735 0.0858469 0.848777 456.7 -0.0164012 0.99575 -0.0906303 -39.5703 -0.85295 0.0333641 0.520926 201.317
0.535048 0.0905176 0.839959 456.944 -0.0219314 0.995397 -0.0932982 -39.5907 -0.844537 0.0314975 0.53457 201.498
0.540526 0.0955818 0.83588 457.194 -0.0283066 0.995029 -0.0954757 -39.6138 -0.840851 0.0279462 0.540545 201.684
0.540429 0.0977279 0.835695 457.437 -0.030965 0.994869 -0.0963174 -39.6383 -0.84082 0.0261754 0.540682 201.843
0.536205 0.0987294 0.838294 457.658 -0.0322908 0.994808 -0.0965083 -39.662 -0.84347 0.0246791 0.53661 201.995
0.52709 0.0990267 0.84402 457.897 -0.0318686 0.994792 -0.0968145 -39.6908 -0.849212 0.0241322 0.527501 202.138
0.513357 0.0989298 0.852454 458.129 -0.0290488 0.994767 -0.0979522 -39.7091 -0.857683 0.0255218 0.513545 202.268
0.499608 0.0978642 0.860706 458.361 -0.0247181 0.994804 -0.0987635 -39.7415 -0.865899 0.0280681 0.499431 202.378
0.481918 0.0963979 0.870898 458.592 -0.0199475 0.994879 -0.0990831 -39.7687 -0.875989 0.0303777 0.481373 202.481
0.462479 0.0959978 0.881418 458.837 -0.0168056 0.994892 -0.0995387 -39.7964 -0.886471 0.0312218 0.46173 202.575
0.440612 0.096045 0.892545 459.068 -0.0151281 0.994913 -0.0995926 -39.8191 -0.89757 0.0303792 0.439823 202.683
0.419878 0.0962901 0.902458 459.324 -0.0142528 0.994933 -0.0995256 -39.8407 -0.907469 0.0289261 0.419123 202.787
0.40038 0.0954205 0.911368 459.575 -0.0127415 0.995047 -0.0985843 -39.8687 -0.916261 0.027859 0.399612 202.877
0.382441 0.0944903 0.919136 459.853 -0.00836438 0.995071 -0.0988164 -39.8981 -0.923942 0.0301034 0.381346 202.96
0.366279 0.0931577 0.92583 460.119 -0.00263371 0.995076 -0.0990833 -39.9273 -0.930501 0.0338538 0.36472 203.042
0.35131 0.0921955 0.931709 460.373 0.00138867 0.995087 -0.0989906 -39.9603 -0.936258 0.0360702 0.349456 203.123
0.338906 0.0921049 0.936301 460.626 0.00126858 0.995151 -0.0983532 -39.9848 -0.940819 0.0345203 0.337146 203.198
0.330307 0.0903098 0.939543 460.884 0.00163084 0.995356 -0.0962479 -40.013 -0.943872 0.0333236 0.328626 203.273
0.319918 0.0878846 0.94336 461.159 0.00348934 0.995572 -0.093932 -40.0361 -0.947439 0.0333423 0.318195 203.355
0.313052 0.0863519 0.945802 461.395 0.00488924 0.995698 -0.0925257 -40.0614 -0.949724 0.0335896 0.311283 203.429
0.31124 0.0863141 0.946404 461.616 0.00630251 0.995657 -0.0928788 -40.0847 -0.950311 0.0348723 0.309344 203.502
0.314705 0.0862461 0.945263 461.847 0.00547325 0.995682 -0.0926685 -40.1132 -0.949174 0.0343369 0.312874 203.57
0.320997 0.0857149 0.943193 462.084 0.00710859 0.99565 -0.0929013 -40.1309 -0.947054 0.0365258 0.318991 203.65
0.329014 0.0839888 0.940582 462.28 0.00905004 0.995711 -0.0920771 -40.1507 -0.944282 0.038807 0.326843 203.735
0.340812 0.0830457 0.936456 462.469 0.00772854 0.99581 -0.091122 -40.1737 -0.9401 0.0382929 0.338742 203.822
0.355067 0.0850389 0.930965 462.65 0.00204366 0.995781 -0.0917389 -40.1878 -0.934839 0.034476 0.353395 203.902
0.368806 0.0873964 0.925389 462.814 -0.00337991 0.995689 -0.0926888 -40.2041 -0.9295 0.0310564 0.367511 203.991
0.381799 0.0878921 0.920057 462.971 -0.00731236 0.995724 -0.0920861 -40.2206 -0.924217 0.0284306 0.380809 204.084
0.396475 0.0859585 0.914012 463.118 -0.00932774 0.995933 -0.0896165 -40.2336 -0.917998 0.0270051 0.395664 204.168
0.410708 0.0841035 0.907879 463.255 -0.00808345 0.996033 -0.088613 -40.2477 -0.911731 0.0290553 0.409759 204.244
0.424971 0.0822463 0.901463 463.373 0.000345785 0.995849 -0.0910208 -40.2641 -0.905207 0.0389929 0.423178 204.299
0.441947 0.0845065 0.893052 463.491 0.00566804 0.99527 -0.096984 -40.2888 -0.897023 0.0479237 0.439378 204.359
0.458787 0.086673 0.884309 463.589 0.00319744 0.995064 -0.0991871 -40.2969 -0.888541 0.0483333 0.456245 204.423
0.47085 0.0887384 0.877739 463.7 -0.00533513 0.995197 -0.0977513 -40.3045 -0.882197 0.0413434 0.469062 204.515
0.483349 0.0893258 0.870858 463.797 -0.0123604 0.995378 -0.0952377 -40.3099 -0.87534 0.0352689 0.482219 204.607
0.497013 0.0889384 0.863173 463.88 -0.0151038 0.99547 -0.093873 -40.3142 -0.867612 0.0336189 0.496104 204.675
0.507625 0.0878475 0.857088 463.971 -0.0149205 0.995536 -0.0932008 -40.3248 -0.861449 0.0345229 0.506669 204.743
0.519053 0.0870742 0.850295 464.051 -0.0158915 0.995609 -0.0922542 -40.3341 -0.854595 0.0343723 0.518157 204.81
0.528278 0.0869784 0.844605 464.111 -0.0163391 0.995596 -0.0923081 -40.3362 -0.848914 0.0349642 0.527373 204.88
0.53851 0.0856831 0.838251 464.182 -0.0162096 0.995686 -0.0913621 -40.342 -0.842463 0.0356117 0.537576 204.94
0.54795 0.0835771 0.832325 464.253 -0.0157109 0.995849 -0.0896541 -40.3493 -0.836363 0.0360494 0.546989 204.991
0.555393 0.0836564 0.82737 464.311 -0.017777 0.995894 -0.0887629 -40.3581 -0.831398 0.0345901 0.554599 205.048
0.563012 0.0876813 0.821784 464.353 -0.0245296 0.995691 -0.089431 -40.3667 -0.826085 0.0301926 0.562736 205.105
0.571705 0.0947114 0.814974 464.385 -0.0342697 0.995205 -0.0916165 -40.3718 -0.819743 0.0244486 0.572209 205.158
0.578286 0.0998053 0.809706 464.417 -0.0413024 0.994798 -0.093122 -40.3715 -0.814788 0.0204084 0.5794 205.204
0.582281 0.0991517 0.806919 464.465 -0.0416114 0.994869 -0.0922193 -40.3776 -0.811922 0.0201205 0.583419 205.241
0.59027 0.0942302 0.801687 464.511 -0.0373187 0.995287 -0.0895087 -40.3828 -0.806343 0.0229164 0.591004 205.268
0.595349 0.089033 0.798519 464.556 -0.0322886 0.99569 -0.0869438 -40.3912 -0.802818 0.0259789 0.595658 205.291
0.598802 0.0869859 0.79616 464.601 -0.0313914 0.99587 -0.0851958 -40.3977 -0.800282 0.0260228 0.599059 205.328
0.601935 0.0886225 0.793612 464.642 -0.0350691 0.995798 -0.0846015 -40.3981 -0.797774 0.0230934 0.602514 205.389
0.606213 0.0917841 0.789989 464.658 -0.0404735 0.995591 -0.0846138 -40.3961 -0.794272 0.0193203 0.607255 205.422
0.609319 0.0945269 0.78727 464.676 -0.0443218 0.995377 -0.0852105 -40.3956 -0.791685 0.0170271 0.610692 205.45
