1 2.2096e-19 3.72443e-20 0 -1.27615e-19 1 -2.34949e-19 0 4.86728e-20 1.17471e-18 1 0
0.999999 0.000419764 0.000919284 0.00417922 -0.00041586 0.999991 -0.00424232 -0.00509378 -0.000921057 0.00424194 0.999991 0.762177
0.999999 0.000437022 0.00126678 0.00512915 -0.000430091 0.999985 -0.00546644 -0.00997874 -0.00126915 0.00546589 0.999984 1.83005
0.999999 6.08814e-05 0.00110451 0.00634055 -5.92963e-05 0.999999 -0.00143514 -0.0170357 -0.0011046 0.00143507 0.999998 2.80637
0.999997 -0.0025104 0.000568137 0.00741811 0.00250813 0.999989 0.00397701 -0.0140259 -0.000578114 -0.00397558 0.999992 3.75844
0.999986 -0.00513826 -0.000907897 0.0133736 0.00514208 0.999978 0.00426343 -0.0153701 0.00088597 -0.00426804 0.99999 4.68806
0.999972 -0.00731018 -0.00164292 0.0099594 0.00731268 0.999972 0.00151575 -0.0212606 0.00163179 -0.00152772 0.999998 5.61649
0.999973 -0.00708465 -0.00213614 0.00539256 0.00708144 0.999974 -0.00150881 -0.0263551 0.00214677 0.00149364 0.999997 6.53062
0.999971 -0.0069998 -0.00315939 0.0029772 0.00699319 0.999973 -0.00209754 -0.030035 0.00317399 0.00207538 0.999993 7.44186
0.999965 -0.00719721 -0.00415368 -0.00643461 0.0071953 0.999974 -0.000473879 -0.0309055 0.00415698 0.000443975 0.999991 8.36444
0.999957 -0.00792167 -0.00473315 -0.0136374 0.00793319 0.999966 0.00242091 -0.0317616 0.00471381 -0.00245836 0.999986 9.27451
0.999949 -0.00805302 -0.00606438 -0.0190718 0.00807753 0.999959 0.00402776 -0.0329528 0.0060317 -0.00407655 0.999973 10.1893
0.999936 -0.00909225 -0.00675924 -0.0203212 0.00912482 0.999947 0.00480365 -0.0322569 0.0067152 -0.00486502 0.999966 11.0977
0.999936 -0.00867446 -0.00728663 -0.0267255 0.00870878 0.999951 0.00469164 -0.027784 0.00724558 -0.00475479 0.999962 11.9956
0.999927 -0.00901015 -0.00810448 -0.0368459 0.00903722 0.999954 0.00330951 -0.0258153 0.00807428 -0.00338251 0.999962 12.8893
0.999911 -0.00954414 -0.00932473 -0.0471461 0.00955774 0.999953 0.00141538 -0.0255757 0.00931079 -0.00150438 0.999956 13.7911
0.999897 -0.00915413 -0.0110236 -0.0589363 0.00915652 0.999958 0.000166716 -0.0291883 0.0110216 -0.000267636 0.999939 14.6812
0.999872 -0.00888217 -0.0132924 -0.0722748 0.00887365 0.99996 -0.000700053 -0.0287951 0.013298 0.000582012 0.999911 15.5561
0.99986 -0.00796531 -0.0146917 -0.0869138 0.00794416 0.999967 -0.00149762 -0.0317902 0.0147032 0.0013807 0.999891 16.4461
0.999855 -0.00690223 -0.0155644 -0.111141 0.0068774 0.999975 -0.00164819 -0.0338498 0.0155754 0.00154091 0.999878 17.3287
0.999827 -0.00705174 -0.0172067 -0.128472 0.00704687 0.999975 -0.000343431 -0.0382779 0.0172087 0.000222118 0.999852 18.1918
0.999815 -0.00722913 -0.0178363 -0.155793 0.00724389 0.999973 0.000763298 -0.037238 0.0178303 -0.000892361 0.999841 19.0786
0.999776 -0.00677015 -0.0200635 -0.177649 0.00680655 0.999975 0.00174626 -0.0400661 0.0200512 -0.00188243 0.999797 19.951
0.999735 -0.00773848 -0.0216691 -0.199369 0.00777169 0.999969 0.00144855 -0.0421173 0.0216572 -0.00161658 0.999764 20.8161
0.999696 -0.00783604 -0.0233762 -0.215318 0.00786349 0.999968 0.00108256 -0.0457736 0.023367 -0.00126605 0.999726 21.6742
0.999675 -0.00723114 -0.0244458 -0.240127 0.00726362 0.999973 0.00124036 -0.0478352 0.0244362 -0.00141752 0.9997 22.5211
0.99963 -0.00709635 -0.0262557 -0.261722 0.00717807 0.99997 0.00301922 -0.0422544 0.0262335 -0.00320657 0.999651 23.3737
0.999609 -0.00813238 -0.0267489 -0.286604 0.0082972 0.999947 0.00605658 -0.0426621 0.0266982 -0.00627616 0.999624 24.2109
0.999601 -0.00904533 -0.0267766 -0.313573 0.00924067 0.999932 0.00718073 -0.0380111 0.0267098 -0.00742529 0.999616 25.038
0.99957 -0.00894019 -0.0279313 -0.339483 0.00912462 0.999937 0.00648233 -0.0418361 0.0278716 -0.0067344 0.999589 25.8534
0.999535 -0.00786165 -0.0294653 -0.367974 0.00798755 0.999959 0.00415748 -0.0414732 0.0294314 -0.0043909 0.999557 26.6558
0.999509 -0.00638563 -0.0306609 -0.39572 0.00646092 0.999976 0.00235724 -0.0380401 0.0306451 -0.00255418 0.999527 27.4456
0.99948 -0.00547635 -0.0317647 -0.423292 0.00552673 0.999984 0.00149837 -0.0335927 0.031756 -0.00167315 0.999494 28.2378
0.999436 -0.00594895 -0.0330403 -0.449698 0.00599338 0.999981 0.00124579 -0.0382281 0.0330323 -0.00144311 0.999453 29.0162
0.999383 -0.00495299 -0.0347826 -0.4799 0.00497519 0.999987 0.000551649 -0.0426379 0.0347794 -0.000724358 0.999395 29.7701
0.999337 -0.00500671 -0.0360656 -0.518326 0.00502993 0.999987 0.000553173 -0.045024 0.0360624 -0.000734213 0.999349 30.5215
0.999256 -0.00497486 -0.038236 -0.548611 0.00504458 0.999986 0.00172707 -0.0448648 0.0382269 -0.00191867 0.999267 31.2601
0.999185 -0.00579478 -0.0399592 -0.583211 0.00594997 0.999975 0.00376571 -0.0411248 0.0399364 -0.00400039 0.999194 32.0121
0.999096 -0.00539536 -0.042173 -0.61427 0.00562274 0.99997 0.00527478 -0.0389965 0.0421433 -0.00550714 0.999096 32.7441
0.99901 -0.00440545 -0.044263 -0.653892 0.00466191 0.999973 0.00569233 -0.0405307 0.0442367 -0.00589305 0.999004 33.4536
0.99898 -0.00162483 -0.0451323 -0.696601 0.00185259 0.999986 0.00500519 -0.0403049 0.0451235 -0.00508369 0.998968 34.1577
0.998862 -1.46008e-05 -0.0476928 -0.73334 0.000206274 0.999992 0.00401399 -0.0359325 0.0476923 -0.00401926 0.998854 34.8554
0.99881 0.000713754 -0.0487636 -0.771729 -0.000468538 0.999987 0.00503991 -0.0309092 0.0487666 -0.00501107 0.998798 35.5506
0.998721 0.00212554 -0.0505128 -0.808854 -0.00178127 0.999975 0.00685955 -0.0279789 0.0505262 -0.0067608 0.9987 36.2293
0.998777 0.0043981 -0.0492423 -0.855673 -0.00404558 0.999965 0.00725631 -0.0239732 0.0492726 -0.00704823 0.998761 36.8902
0.998797 0.00762521 -0.0484498 -0.890417 -0.00736835 0.999958 0.0054781 -0.0289018 0.0484895 -0.00511452 0.998811 37.5486
0.998811 0.00994839 -0.0477334 -0.923392 -0.00983569 0.999948 0.0025954 -0.0289434 0.0477568 -0.00212283 0.998857 38.2024
0.99894 0.0102388 -0.044875 -0.957869 -0.0102229 0.999948 0.00058313 -0.0275737 0.0448787 -0.00012376 0.998992 38.8336
0.999029 0.0111465 -0.0426264 -0.980065 -0.0110905 0.999937 0.0015505 -0.0289319 0.042641 -0.00107624 0.99909 39.4722
0.999123 0.0156193 -0.0388621 -1.01128 -0.0154609 0.999871 0.00437407 -0.0330128 0.0389254 -0.00376939 0.999235 40.112
0.999165 0.0200133 -0.0356064 -1.04631 -0.0197567 0.999776 0.00754407 -0.0234713 0.0357494 -0.00683431 0.999337 40.7209
0.999219 0.0246506 -0.0308963 -1.07869 -0.0243955 0.999665 0.00860485 -0.0236152 0.0310981 -0.0078444 0.999486 41.3131
0.999263 0.0286257 -0.0255706 -1.09852 -0.0284049 0.999556 0.00895766 -0.022246 0.0258157 -0.00822473 0.999633 41.9103
0.999284 0.0320652 -0.0200583 -1.11783 -0.0318575 0.999436 0.0105911 -0.0153 0.0203866 -0.00994453 0.999743 42.4687
0.999231 0.0367072 -0.0137657 -1.13108 -0.0365505 0.999266 0.0114657 -0.00853755 0.0141765 -0.0109538 0.99984 43.0187
0.999169 0.0403457 -0.00571232 -1.14753 -0.0402771 0.999121 0.0116406 -0.0121151 0.00617694 -0.0114008 0.999916 43.5315
0.999061 0.0433265 0.000800905 -1.14537 -0.0433328 0.998994 0.0115175 -0.0114975 -0.000301086 -0.0115414 0.999933 44.0341
0.998819 0.0478892 0.00824299 -1.1461 -0.0479786 0.998788 0.0110047 -0.00830268 -0.00770599 -0.0113871 0.999905 44.5213
0.998488 0.0525702 0.0160516 -1.15065 -0.052704 0.998578 0.00802994 -0.00290604 -0.0156066 -0.00886378 0.999839 44.9835
0.998217 0.0547031 0.0238671 -1.13901 -0.0548344 0.998484 0.00488165 -0.00514715 -0.0235639 -0.00618169 0.999703 45.4272
0.99794 0.0558004 0.0316436 -1.12648 -0.0559764 0.998421 0.00470189 -0.00425607 -0.0313313 -0.0064635 0.999488 45.8381
0.997754 0.0543977 0.0390916 -1.10315 -0.0546697 0.998487 0.00592237 -0.00401597 -0.0387103 -0.0080462 0.999218 46.2439
0.99732 0.056 0.0470758 -1.0881 -0.0563614 0.99839 0.0063832 -0.00326934 -0.0466425 -0.00901936 0.998871 46.5974
0.996689 0.05872 0.056249 -1.06782 -0.0591813 0.998226 0.00656874 -0.00243024 -0.0557635 -0.00987587 0.998395 46.9676
0.995859 0.0631032 0.0654497 -1.05263 -0.0636156 0.997958 0.00577294 -0.00172884 -0.0649518 -0.00991265 0.997839 47.2906
0.994936 0.0674643 0.0745077 -1.03533 -0.0680773 0.997664 0.00571599 -0.00230085 -0.073948 -0.0107593 0.997204 47.5909
0.994303 0.0670211 0.0828866 -0.994517 -0.0677571 0.997683 0.00609592 -0.00258299 -0.082286 -0.0116773 0.99654 47.878
0.993455 0.0659169 0.0932881 -0.95536 -0.0666066 0.99777 0.00429508 -0.00853258 -0.092797 -0.0104806 0.99563 48.1349
0.992272 0.0649133 0.10575 -0.924869 -0.0652624 0.997868 -0.000159711 -0.0105343 -0.105535 -0.00674299 0.994393 48.4008
0.990682 0.0658624 0.119211 -0.888994 -0.0658438 0.997822 -0.00409867 -0.0186742 -0.119221 -0.00378885 0.99286 48.6661
0.988704 0.0677122 0.133713 -0.836085 -0.0674271 0.997702 -0.0066645 -0.0191803 -0.133857 -0.00242666 0.990998 48.9196
0.986167 0.0693737 0.150541 -0.790463 -0.0689218 0.997588 -0.00822398 -0.0214214 -0.150748 -0.00226534 0.98857 49.1838
0.983418 0.0699215 0.167331 -0.736852 -0.0692957 0.99755 -0.00958299 -0.0243562 -0.167591 -0.00217122 0.985854 49.4263
0.980204 0.0692853 0.18547 -0.674066 -0.0684091 0.997595 -0.0111273 -0.0251596 -0.185795 -0.00178083 0.982587 49.6703
0.976539 0.0681119 0.204285 -0.599817 -0.067123 0.997675 -0.0117745 -0.0310596 -0.204613 -0.002214 0.978841 49.9295
0.972036 0.0684967 0.224622 -0.527567 -0.0672181 0.997649 -0.0133436 -0.0339269 -0.225008 -0.00212825 0.974355 50.1634
0.966774 0.0703915 0.24575 -0.459438 -0.0686537 0.997518 -0.0156427 -0.0373472 -0.246241 -0.00174872 0.969207 50.3927
0.960588 0.0721711 0.268445 -0.36957 -0.0698402 0.997392 -0.0182356 -0.0405788 -0.269061 -0.00123141 0.963122 50.6375
0.953279 0.073492 0.293015 -0.282595 -0.0708559 0.997294 -0.0196157 -0.0492954 -0.293663 -0.00206253 0.955907 50.873
0.944969 0.0759361 0.318225 -0.182649 -0.0730998 0.997106 -0.0208635 -0.0536172 -0.318888 -0.00354683 0.947786 51.1189
0.935278 0.0782268 0.345159 -0.0743395 -0.0751794 0.996922 -0.0222285 -0.0626376 -0.345836 -0.00515895 0.938281 51.362
0.924262 0.0792945 0.373434 0.0497267 -0.0757257 0.996834 -0.0242428 -0.0692781 -0.374174 -0.00587184 0.92734 51.5973
0.911655 0.0779241 0.403501 0.188635 -0.0734429 0.996945 -0.0265958 -0.0809895 -0.404341 -0.00538818 0.914592 51.824
0.89686 0.0756281 0.435801 0.337764 -0.0696653 0.997129 -0.0296716 -0.0942254 -0.436794 -0.0037489 0.899554 52.0591
0.879779 0.0749678 0.469434 0.494735 -0.0667647 0.997185 -0.0341232 -0.107699 -0.470671 -0.0013208 0.882308 52.2696
0.86043 0.076992 0.503719 0.666014 -0.0660697 0.997031 -0.0395362 -0.120081 -0.505268 0.000737519 0.862962 52.4969
0.838755 0.07922 0.538715 0.847328 -0.0654019 0.996854 -0.0447632 -0.127895 -0.540567 0.00231235 0.841298 52.7193
0.814303 0.0820802 0.574607 1.04262 -0.066098 0.996624 -0.048693 -0.143202 -0.576664 0.00167047 0.81698 52.9366
0.787263 0.0860891 0.610578 1.26737 -0.0684021 0.996287 -0.0522768 -0.160287 -0.612811 -0.000609235 0.790229 53.1707
0.757828 0.0905132 0.646146 1.48633 -0.0715694 0.995887 -0.0555658 -0.172135 -0.648518 -0.00413494 0.761188 53.393
0.725246 0.092586 0.682236 1.74506 -0.071681 0.995686 -0.0589241 -0.189527 -0.684748 -0.00616891 0.728754 53.6147
0.688522 0.090851 0.719502 2.04952 -0.0680871 0.995838 -0.0605883 -0.213704 -0.722012 -0.00727244 0.691842 53.852
0.649789 0.0898641 0.754783 2.3594 -0.0649081 0.99592 -0.0626946 -0.239128 -0.757338 -0.00825331 0.652971 54.0636
0.607975 0.0901263 0.788824 2.70381 -0.0626777 0.995884 -0.0654757 -0.259143 -0.791478 -0.0096341 0.611121 54.282
0.562119 0.0901837 0.822125 3.05069 -0.0589599 0.995878 -0.0689305 -0.288996 -0.824952 -0.00972523 0.565119 54.4715
0.513539 0.0895234 0.853384 3.42669 -0.055323 0.995928 -0.0711852 -0.320535 -0.856281 -0.0106554 0.5164 54.6574
0.465378 0.0878803 0.880738 3.85386 -0.0528885 0.996042 -0.0714393 -0.350309 -0.88353 -0.0133346 0.468184 54.8366
0.415672 0.0861804 0.905422 4.25873 -0.052199 0.99612 -0.0708491 -0.381713 -0.908015 -0.0178121 0.418558 54.9932
0.365198 0.0864648 0.926906 4.70675 -0.0542095 0.995963 -0.0715483 -0.403515 -0.92935 -0.0241178 0.368411 55.1457
0.316279 0.0873254 0.944638 5.18286 -0.0520974 0.995851 -0.0746166 -0.424314 -0.947235 -0.0256135 0.319516 55.2679
0.270563 0.084268 0.959007 5.65297 -0.0414604 0.996257 -0.075844 -0.47195 -0.961809 -0.0192402 0.273045 55.3514
0.226245 0.0793941 0.970829 6.15093 -0.0276869 0.996794 -0.0750653 -0.505564 -0.973677 -0.00989606 0.227718 55.4249
0.184699 0.0779692 0.979697 6.67028 -0.0176291 0.996951 -0.0760188 -0.552731 -0.982637 -0.00323062 0.18551 55.4784
0.146763 0.0801983 0.985915 7.18438 -0.0137557 0.996777 -0.0790341 -0.578237 -0.989076 -0.00196275 0.147393 55.5224
0.113184 0.0805263 0.990305 7.71991 -0.00552138 0.996746 -0.080419 -0.625913 -0.993559 0.0036343 0.11326 55.5634
0.0847626 0.0793185 0.993239 8.27344 0.00268194 0.996805 -0.0798321 -0.672598 -0.996398 0.0094306 0.0842791 55.5782
0.0594584 0.0777571 0.995198 8.82449 0.00912265 0.996878 -0.0784334 -0.710303 -0.998189 0.0137424 0.0585633 55.5911
0.0398653 0.077004 0.996233 9.39667 0.0151168 0.996865 -0.0776578 -0.748296 -0.999091 0.0181557 0.0385763 55.5949
0.0243362 0.0788257 0.996591 9.98502 0.0174987 0.9967 -0.0792617 -0.788732 -0.999551 0.019368 0.0228765 55.5936
0.0106398 0.0783822 0.996867 10.5584 0.0186981 0.996733 -0.0785713 -0.833626 -0.999769 0.0194755 0.00913946 55.5928
-0.00155425 0.0792485 0.996854 11.1519 0.0194407 0.996669 -0.0792035 -0.870379 -0.99981 0.0192564 -0.00308971 55.5906
-0.00963628 0.0819165 0.996593 11.7784 0.0241534 0.996367 -0.0816644 -0.920283 -0.999662 0.0232842 -0.0115798 55.5682
-0.0177697 0.0842644 0.996285 12.3805 0.0282603 0.996087 -0.0837436 -0.967645 -0.999443 0.0266672 -0.0200815 55.5629
-0.0214095 0.0837043 0.996261 13.0313 0.0289321 0.996124 -0.083071 -1.01577 -0.999352 0.0270454 -0.0237483 55.5369
-0.0234711 0.0809216 0.996444 13.6786 0.0266266 0.996416 -0.0802921 -1.05921 -0.99937 0.0246474 -0.0255416 55.5128
-0.0270213 0.0746296 0.996845 14.3459 0.0247288 0.996954 -0.0739674 -1.09717 -0.999329 0.0226521 -0.0287845 55.5044
-0.0280132 0.0684854 0.997259 15.0114 0.0254563 0.997376 -0.0677784 -1.14488 -0.999283 0.0234879 -0.029683 55.4814
-0.0274482 0.0660012 0.997442 15.6902 0.028482 0.997464 -0.0652189 -1.18545 -0.999217 0.026619 -0.0292585 55.4512
-0.02716 0.0679945 0.997316 16.3694 0.0324485 0.997218 -0.0671041 -1.23239 -0.999104 0.0305389 -0.0292908 55.4267
-0.026964 0.0752317 0.996801 17.0609 0.0333914 0.996675 -0.0743189 -1.27935 -0.999079 0.0312806 -0.0293865 55.4086
-0.024592 0.0827843 0.996264 17.7642 0.0324775 0.996106 -0.0819694 -1.33467 -0.99917 0.0303404 -0.0271849 55.3954
-0.0218895 0.0839244 0.996232 18.4872 0.033015 0.995988 -0.0831784 -1.38114 -0.999215 0.0310699 -0.0245724 55.381
-0.0196408 0.0796533 0.996629 19.2241 0.0334464 0.996316 -0.0789691 -1.43508 -0.999248 0.0317827 -0.0222325 55.3643
-0.0167939 0.0730085 0.99719 19.9411 0.0334393 0.996814 -0.0724178 -1.4864 -0.9993 0.0321292 -0.0191817 55.3496
-0.0147425 0.0712636 0.997349 20.6706 0.0314894 0.996995 -0.0707729 -1.53427 -0.999395 0.0303626 -0.0169422 55.3508
-0.0112146 0.0764068 0.997014 21.3899 0.0377279 0.996399 -0.0759353 -1.59736 -0.999225 0.0367637 -0.0140569 55.3339
-0.00772969 0.0816801 0.996629 22.1154 0.0404271 0.995869 -0.0813043 -1.65746 -0.999153 0.0396623 -0.0109998 55.3292
-0.00471228 0.0826017 0.996571 22.8479 0.0346592 0.995997 -0.0823902 -1.70646 -0.999388 0.0341521 -0.00755633 55.3291
-0.00128123 0.0792903 0.996851 23.584 0.0289918 0.996435 -0.07922 -1.75791 -0.999579 0.028799 -0.00357543 55.3377
0.00289033 0.0751201 0.99717 24.3173 0.0328836 0.996628 -0.0751746 -1.82042 -0.999455 0.0330078 0.000410367 55.3404
0.00668027 0.0758815 0.997094 25.0481 0.0383398 0.996364 -0.0760828 -1.87814 -0.999242 0.0387366 0.0037467 55.342
0.00885337 0.0804457 0.99672 25.7709 0.0381025 0.996008 -0.0807267 -1.93935 -0.999235 0.0386922 0.00575284 55.3552
0.0122938 0.0817091 0.99658 26.5157 0.0337351 0.996054 -0.0820822 -1.99034 -0.999355 0.0346289 0.00948883 55.3788
0.0175776 0.0810829 0.996552 27.2648 0.0318784 0.996154 -0.0816128 -2.05071 -0.999337 0.0332031 0.0149252 55.3826
0.0204358 0.0782123 0.996727 27.9932 0.036317 0.996219 -0.078917 -2.10619 -0.999131 0.0378109 0.0175181 55.3897
0.0233778 0.0783195 0.996654 28.7156 0.0410198 0.996012 -0.0792312 -2.16652 -0.998885 0.0427348 0.0200719 55.4105
0.0273428 0.0792864 0.996477 29.4491 0.0437529 0.995799 -0.080433 -2.22681 -0.998668 0.045798 0.0237589 55.4244
0.0293982 0.078858 0.996452 30.1966 0.0444901 0.995792 -0.0801183 -2.28574 -0.998577 0.0466876 0.0257661 55.4593
0.0333511 0.0770664 0.996468 30.9351 0.0456413 0.995865 -0.0785473 -2.3451 -0.998401 0.0480997 0.0296958 55.4789
0.0359796 0.0760936 0.996451 31.681 0.0485858 0.995785 -0.0777971 -2.405 -0.998171 0.0512125 0.0321309 55.5113
0.0396792 0.0765832 0.996273 32.4191 0.0465422 0.995835 -0.0784032 -2.45597 -0.998128 0.0494798 0.0359495 55.5261
0.0435649 0.0780052 0.996001 33.1582 0.0431433 0.99587 -0.079882 -2.51191 -0.998119 0.0464508 0.0400196 55.5618
0.0453229 0.07839 0.995892 33.9075 0.0447802 0.995755 -0.0804172 -2.57245 -0.997968 0.048241 0.0416202 55.6037
0.0483286 0.0780016 0.995781 34.6553 0.0428426 0.995867 -0.0800876 -2.62868 -0.997912 0.0465323 0.044787 55.6415
0.0501503 0.0780548 0.995687 35.421 0.0410495 0.995938 -0.080142 -2.68991 -0.997898 0.0448916 0.0467425 55.6917
0.0535277 0.0780269 0.995513 36.1653 0.0390297 0.996017 -0.080165 -2.74705 -0.997803 0.0431457 0.0502691 55.7379
0.0568806 0.0800115 0.99517 36.9087 0.0368181 0.995937 -0.0821776 -2.80125 -0.997702 0.0413146 0.0537036 55.7742
0.0602789 0.0830886 0.994717 37.6608 0.035853 0.995706 -0.0853439 -2.8674 -0.997538 0.0408081 0.0570411 55.8217
0.0631924 0.0857583 0.99431 38.4223 0.0355006 0.995477 -0.0881152 -2.92905 -0.99737 0.0408668 0.0598622 55.8798
0.0649784 0.0874687 0.994046 39.1849 0.0303489 0.995517 -0.0895819 -2.99447 -0.997425 0.0359891 0.0620325 55.9456
0.0695185 0.0872676 0.993756 39.9616 0.0254328 0.995688 -0.0892163 -3.04904 -0.997256 0.0314762 0.0669993 56.0016
0.0723445 0.0872227 0.993558 40.7236 0.0274117 0.995619 -0.0893995 -3.12449 -0.997003 0.0337027 0.0696366 56.0601
0.075277 0.0884175 0.993235 41.4978 0.027992 0.995481 -0.090739 -3.19474 -0.99677 0.0346332 0.0724618 56.1308
0.0781115 0.0892645 0.99294 42.275 0.0236012 0.995539 -0.0913547 -3.26124 -0.996665 0.0305704 0.0756563 56.2081
0.082759 0.0878369 0.992691 43.0646 0.0223038 0.995695 -0.0899622 -3.31992 -0.99632 0.029586 0.0804437 56.2802
0.088165 0.0872885 0.992274 43.839 0.0238365 0.995683 -0.0897063 -3.39445 -0.995821 0.0315613 0.0857037 56.3448
0.0929233 0.0906439 0.991539 44.6366 0.0197748 0.995483 -0.0928577 -3.46002 -0.995477 0.0282362 0.0907111 56.4275
0.0982406 0.0996036 0.990166 45.4095 0.0167861 0.994671 -0.101722 -3.53755 -0.995021 0.0266143 0.0960451 56.5177
0.106359 0.104154 0.988858 46.2048 0.014923 0.99422 -0.106324 -3.61478 -0.994216 0.0260653 0.10419 56.6048
0.112877 0.107191 0.98781 46.9943 0.0103077 0.993984 -0.109039 -3.69261 -0.993556 0.02249 0.111093 56.7098
0.121157 0.105566 0.987004 47.8019 0.0072607 0.994208 -0.107228 -3.77599 -0.992607 0.0201578 0.119689 56.8192
0.128843 0.103525 0.986246 48.6026 0.00684817 0.994419 -0.105277 -3.86137 -0.991641 0.0203182 0.127415 56.9282
0.134974 0.10006 0.985784 49.4053 0.00672109 0.994773 -0.101892 -3.94363 -0.990826 0.0203784 0.133596 57.0445
0.142449 0.0945392 0.985277 50.2172 0.00489787 0.995349 -0.0962137 -4.02354 -0.98979 0.0185313 0.141323 57.1706
0.149693 0.0874543 0.984857 51.0258 0.00246846 0.996044 -0.0888229 -4.09123 -0.988729 0.0157273 0.148885 57.3031
0.157398 0.0840018 0.983956 51.8173 0.00258596 0.996337 -0.0854725 -4.16908 -0.987532 0.0159977 0.156604 57.4318
0.16559 0.0858656 0.982449 52.6134 0.0023777 0.996165 -0.087465 -4.24044 -0.986192 0.0168193 0.164751 57.5649
0.170119 0.0930904 0.981017 53.385 0.00213841 0.995491 -0.0948347 -4.30512 -0.985421 0.018231 0.169153 57.712
0.176507 0.0958438 0.979622 54.1581 0.000763285 0.995234 -0.0975088 -4.38645 -0.984299 0.0179587 0.175592 57.8461
0.181418 0.0994703 0.978362 54.9298 -0.00054362 0.994881 -0.101049 -4.45966 -0.983406 0.0178002 0.180543 57.9959
0.187223 0.0991649 0.977299 55.6718 -0.00290666 0.994943 -0.100398 -4.53451 -0.982313 0.0159562 0.186565 58.1434
0.192114 0.0959898 0.976667 56.4208 -0.000277659 0.99521 -0.0977577 -4.61384 -0.981373 0.0185094 0.19122 58.2893
0.195801 0.0897836 0.976525 57.1645 0.000495234 0.995791 -0.0916542 -4.68112 -0.980643 0.0184296 0.194933 58.4469
0.198899 0.083258 0.976477 57.9065 0.000244685 0.996381 -0.0850049 -4.74939 -0.98002 0.0171463 0.198158 58.6074
0.203096 0.0796203 0.975916 58.6499 -0.00318344 0.996737 -0.0806564 -4.81144 -0.979154 0.0132742 0.202686 58.7651
0.205434 0.0795707 0.975431 59.3621 -0.00514468 0.996763 -0.0802273 -4.87982 -0.978658 0.0114631 0.205178 58.9255
0.206611 0.0815622 0.975018 60.0458 -0.00719704 0.996619 -0.0818441 -4.93956 -0.978397 0.00989266 0.2065 59.0837
0.208649 0.0857987 0.97422 60.748 -0.0104029 0.996283 -0.0855138 -4.99927 -0.977935 0.00770762 0.208766 59.2383
0.209916 0.0901819 0.973551 61.4479 -0.0118537 0.995899 -0.0896961 -5.06122 -0.977648 0.00728851 0.210124 59.4043
0.212077 0.0960621 0.97252 62.1113 -0.0136275 0.995351 -0.0953455 -5.12283 -0.977158 0.00696756 0.2124 59.5544
0.212156 0.0978409 0.972326 62.7738 -0.0134492 0.995173 -0.0972054 -5.19298 -0.977143 0.00754563 0.212447 59.7171
0.213689 0.0979796 0.971976 63.4382 -0.0149125 0.995169 -0.0970391 -5.25245 -0.976788 0.0062416 0.214118 59.8744
0.215257 0.0949367 0.971932 64.093 -0.0147836 0.995466 -0.0939613 -5.31992 -0.976446 0.00585716 0.215685 60.0156
0.21639 0.0925967 0.971906 64.7261 -0.0142834 0.995686 -0.0916821 -5.3772 -0.976203 0.00595696 0.216779 60.1523
0.216019 0.0916477 0.972078 65.3536 -0.0141749 0.995774 -0.0907318 -5.43588 -0.976286 0.00582074 0.216406 60.2977
0.21466 0.0908463 0.972455 65.9865 -0.0142284 0.99585 -0.0898911 -5.49669 -0.976585 0.00545949 0.215062 60.4379
0.212926 0.0916559 0.97276 66.5978 -0.0147507 0.995778 -0.090596 -5.55516 -0.976957 0.00494139 0.213379 60.5752
0.21059 0.0946139 0.972985 67.1947 -0.0161642 0.995506 -0.0933053 -5.61284 -0.977441 0.00392156 0.211173 60.7101
0.208458 0.0982856 0.97308 67.7798 -0.0153804 0.995144 -0.0972193 -5.67643 -0.97791 0.00529973 0.208957 60.8395
0.206812 0.0991769 0.973341 68.3782 -0.0139019 0.995046 -0.0984347 -5.73785 -0.978282 0.00682613 0.207166 60.966
0.204338 0.0976865 0.974014 68.9661 -0.0136916 0.995196 -0.0969386 -5.79479 -0.978805 0.00647245 0.204694 61.0965
0.201397 0.0950808 0.974884 69.5306 -0.0137519 0.995454 -0.094246 -5.84704 -0.979413 0.00557435 0.201789 61.2226
0.199813 0.0909909 0.9756 70.0867 -0.0130982 0.995838 -0.0901958 -5.90291 -0.979747 0.00524372 0.200173 61.3365
0.197525 0.0895884 0.976195 70.6448 -0.00973004 0.995945 -0.0894322 -5.96238 -0.98025 0.00816668 0.197596 61.4486
0.196332 0.0912103 0.976286 71.1783 -0.00685707 0.995768 -0.0916514 -6.01491 -0.980513 0.0112997 0.196127 61.5494
0.193548 0.0929639 0.976676 71.7151 -0.00263456 0.995546 -0.0942379 -6.06986 -0.981087 0.0156665 0.192931 61.6473
0.191691 0.0949437 0.976852 72.2522 -0.00290052 0.99536 -0.0961734 -6.11567 -0.981451 0.0156021 0.191077 61.7544
0.190817 0.0973624 0.976785 72.7934 -0.00369811 0.995133 -0.0984688 -6.17063 -0.981619 0.0151772 0.190248 61.8666
0.189306 0.0963133 0.977183 73.3301 -0.00220493 0.995217 -0.0976636 -6.21745 -0.981916 0.0163337 0.188613 61.9739
0.190786 0.0943603 0.977086 73.8692 0.00372813 0.995292 -0.0968465 -6.27325 -0.981625 0.0221196 0.189536 62.0585
0.191602 0.0925796 0.977096 74.3943 0.00896545 0.995335 -0.0960657 -6.3201 -0.981432 0.0271665 0.189878 62.1621
0.194313 0.0918591 0.976629 74.95 0.0116311 0.99532 -0.0959313 -6.37423 -0.980871 0.03 0.192336 62.2626
0.19685 0.0914459 0.97616 75.4878 0.0101005 0.995399 -0.0952851 -6.4279 -0.980382 0.0286166 0.195021 62.3788
0.20216 0.0920358 0.975018 76.0344 0.00835731 0.995376 -0.0956903 -6.47934 -0.979317 0.0274932 0.200456 62.4951
0.20914 0.0907065 0.97367 76.5841 0.00905656 0.995466 -0.0946824 -6.53157 -0.977844 0.0286199 0.20737 62.6155
0.216399 0.0906631 0.972086 77.1414 0.00773427 0.995488 -0.0945675 -6.58354 -0.976274 0.0279827 0.214722 62.7476
0.22501 0.0887758 0.970304 77.7077 0.0071901 0.995662 -0.0927633 -6.63113 -0.97433 0.0278492 0.223395 62.8881
0.233341 0.0884332 0.968365 78.2684 0.00466527 0.995743 -0.0920575 -6.68302 -0.972384 0.0259985 0.231935 63.038
0.2437 0.0882319 0.965829 78.8423 0.00222937 0.9958 -0.0915323 -6.73449 -0.969848 0.0244597 0.24248 63.1866
0.252585 0.0915264 0.963236 79.423 -0.00262468 0.995577 -0.0939112 -6.78908 -0.967571 0.0211924 0.251709 63.3607
0.262442 0.0936517 0.960392 80.004 -0.00675088 0.995433 -0.0952239 -6.84216 -0.964924 0.0185073 0.261876 63.5236
0.273011 0.0958935 0.95722 80.6022 -0.0101821 0.995252 -0.0967995 -6.89604 -0.961957 0.0166808 0.272691 63.7108
0.283316 0.0978829 0.954018 81.2034 -0.0124604 0.995069 -0.0983945 -6.95464 -0.958946 0.0159893 0.283139 63.9033
0.292048 0.0988142 0.951285 81.8035 -0.0159708 0.995013 -0.0984534 -7.01287 -0.95627 0.0135604 0.29217 64.1081
0.302995 0.0992689 0.947808 82.4278 -0.0174441 0.994971 -0.098632 -7.07101 -0.952833 0.0133513 0.303202 64.3154
0.312806 0.0997607 0.944563 83.037 -0.0207024 0.994949 -0.0982263 -7.12647 -0.949591 0.0111711 0.313292 64.5382
0.323368 0.0953504 0.941457 83.708 -0.0208344 0.995387 -0.0936562 -7.18119 -0.946044 0.0106707 0.323863 64.7731
0.333404 0.0887557 0.938597 84.3381 -0.0178262 0.995974 -0.0878493 -7.2375 -0.942615 0.0125577 0.333644 65.005
0.344477 0.083691 0.935057 85.0001 -0.0163629 0.996402 -0.0831536 -7.30222 -0.938652 0.0133443 0.344607 65.2515
0.355154 0.0799193 0.931385 85.6682 -0.0158596 0.996711 -0.0794772 -7.35254 -0.934673 0.0134553 0.355253 65.5188
0.364121 0.0775026 0.928121 86.33 -0.0108354 0.996817 -0.0789881 -7.40366 -0.931289 0.0187047 0.363802 65.7853
0.373681 0.0725578 0.924715 87.0209 -0.0055761 0.997093 -0.0759837 -7.45406 -0.92754 0.0232374 0.373 66.0525
0.381866 0.063481 0.922035 87.7454 0.00313128 0.997544 -0.0699766 -7.50434 -0.924213 0.0296088 0.380729 66.3355
0.387452 0.058373 0.92004 88.4321 0.00945211 0.997689 -0.0672801 -7.56054 -0.921841 0.0347641 0.386005 66.6288
0.394603 0.057736 0.917036 89.1399 0.0125591 0.997592 -0.0682119 -7.60964 -0.918766 0.0384338 0.392928 66.934
0.402631 0.0636159 0.913149 89.8441 0.0150841 0.996986 -0.0761075 -7.66298 -0.915238 0.0444173 0.400458 67.242
0.410537 0.068525 0.909265 90.5469 0.0171126 0.996418 -0.0828195 -7.71993 -0.911683 0.0495603 0.407894 67.5523
0.41594 0.0707595 0.906635 91.2563 0.0153602 0.996279 -0.0848028 -7.78237 -0.909262 0.049199 0.413305 67.879
0.41946 0.0719329 0.904919 91.9317 0.00915225 0.99647 -0.0834527 -7.84168 -0.907728 0.0432871 0.417321 68.2147
0.424254 0.0749785 0.902434 92.6178 0.00334602 0.99643 -0.0843612 -7.90139 -0.905537 0.0388101 0.422488 68.551
0.42711 0.0787899 0.90076 93.2906 0.00129519 0.996142 -0.0877471 -7.97103 -0.904199 0.0386443 0.42536 68.8875
0.431608 0.0824772 0.898283 93.9418 -0.00144595 0.995873 -0.0907429 -8.03775 -0.90206 0.0378665 0.429946 69.2035
0.435393 0.0854688 0.896174 94.59 -0.00474807 0.995687 -0.0926527 -8.10595 -0.900228 0.0360853 0.433921 69.5304
0.438504 0.0844359 0.894754 95.2395 -0.00582915 0.995823 -0.0911168 -8.16659 -0.89871 0.0347394 0.437164 69.8567
0.442949 0.081033 0.892877 95.8785 -0.00507625 0.996118 -0.0878843 -8.23457 -0.896532 0.0343958 0.441641 70.1696
0.447766 0.0783457 0.890712 96.5139 -0.00497467 0.996357 -0.0851373 -8.29411 -0.894137 0.0336906 0.446524 70.4875
0.450701 0.0770863 0.88934 97.1201 -0.00576771 0.996495 -0.0834513 -8.35494 -0.892656 0.0324821 0.449566 70.8095
0.453572 0.0789699 0.887714 97.7302 -0.00863387 0.996409 -0.0842279 -8.41526 -0.891178 0.030539 0.452625 71.1313
0.457084 0.0794739 0.885866 98.3251 -0.00804655 0.996329 -0.0852321 -8.4779 -0.889387 0.03183 0.456045 71.4388
0.45829 0.0776107 0.885408 98.9106 -0.00575757 0.996419 -0.0843612 -8.53271 -0.888784 0.0335641 0.457096 71.7455
0.46115 0.0763313 0.884033 99.5083 -0.00357711 0.996445 -0.0841715 -8.59149 -0.887315 0.0356534 0.459783 72.047
0.462648 0.076384 0.883246 100.08 -0.0048501 0.996485 -0.0836365 -8.6442 -0.886529 0.0344104 0.461392 72.3534
0.465101 0.075938 0.881995 100.637 -0.00326475 0.996454 -0.0840712 -8.69543 -0.885252 0.0362221 0.4637 72.6492
0.46699 0.0774428 0.880865 101.182 -0.0037885 0.996324 -0.085585 -8.75011 -0.884255 0.0366302 0.465566 72.9507
0.470202 0.0780528 0.879101 101.735 -0.00244682 0.996193 -0.0871403 -8.80902 -0.882556 0.0388225 0.468603 73.2364
0.473218 0.0769019 0.877582 102.261 2.47482e-05 0.996181 -0.087308 -8.86475 -0.880945 0.0413374 0.471409 73.5262
0.476726 0.0753714 0.875815 102.781 0.00258896 0.996193 -0.0871402 -8.91405 -0.879048 0.0438094 0.474716 73.8053
0.481244 0.0740689 0.873452 103.31 0.00418136 0.996218 -0.0867833 -8.96976 -0.876577 0.0454162 0.479115 74.0843
0.484039 0.0737013 0.871937 103.814 0.00506183 0.996194 -0.0870142 -9.02074 -0.875032 0.0465319 0.481824 74.3759
0.488446 0.0730963 0.869527 104.329 0.00559528 0.996202 -0.0868883 -9.0706 -0.872576 0.0473055 0.486182 74.6525
0.491181 0.0723945 0.868044 104.817 0.00699303 0.99618 -0.087038 -9.12008 -0.871029 0.0488217 0.488799 74.939
0.496418 0.0738672 0.864935 105.315 0.00642104 0.996033 -0.0887485 -9.16869 -0.86806 0.0496101 0.493975 75.2095
0.498951 0.0740552 0.86346 105.798 0.0081833 0.995895 -0.0901423 -9.224 -0.866592 0.0520425 0.496297 75.504
0.504422 0.0765385 0.860058 106.287 0.00672813 0.995685 -0.0925542 -9.27641 -0.863431 0.052473 0.501731 75.7908
0.509425 0.0823196 0.856568 106.764 0.003479 0.995209 -0.0977125 -9.32875 -0.860508 0.0527572 0.506698 76.0909
0.515596 0.0894379 0.852151 107.242 -0.00207177 0.994664 -0.103142 -9.38208 -0.856829 0.0514141 0.51303 76.3928
0.521543 0.0953619 0.847879 107.708 -0.0071348 0.994187 -0.107429 -9.43713 -0.853195 0.0499792 0.519192 76.6999
0.528086 0.0999637 0.843287 108.182 -0.0108905 0.993763 -0.110981 -9.49307 -0.849121 0.0494239 0.525881 77.0161
0.533489 0.100349 0.839833 108.66 -0.0145963 0.993881 -0.109484 -9.54837 -0.845681 0.0461501 0.53169 77.3294
0.538749 0.0994051 0.836581 109.15 -0.0213049 0.994304 -0.104426 -9.60425 -0.842197 0.0384362 0.537798 77.6647
0.544601 0.0969896 0.833068 109.645 -0.0272773 0.994814 -0.0979888 -9.65986 -0.838252 0.0306409 0.544422 78.0029
0.549542 0.0954737 0.829993 110.121 -0.0334963 0.995168 -0.0922957 -9.71037 -0.834794 0.0229187 0.550085 78.3466
0.555272 0.0933182 0.826417 110.619 -0.0367516 0.995468 -0.0877137 -9.7677 -0.830857 0.0183328 0.556184 78.7063
0.561797 0.0965158 0.821626 111.111 -0.0410912 0.995201 -0.0888089 -9.81584 -0.826254 0.0161309 0.563067 79.0527
0.56787 0.100686 0.816937 111.623 -0.0452099 0.994807 -0.0911825 -9.86279 -0.821875 0.0148462 0.569474 79.4265
0.573694 0.103878 0.812456 112.143 -0.0478795 0.994482 -0.093342 -9.91765 -0.817669 0.0146497 0.575502 79.8123
0.580992 0.105771 0.807007 112.658 -0.0502308 0.99429 -0.0941547 -9.97001 -0.812358 0.0141665 0.582987 80.19
0.58696 0.106552 0.802573 113.191 -0.0530684 0.994233 -0.093186 -10.0261 -0.807874 0.0121052 0.58923 80.6053
0.59294 0.107923 0.797982 113.719 -0.0580599 0.994129 -0.0913099 -10.0816 -0.803151 0.00781051 0.595724 81.0234
0.59949 0.106403 0.793278 114.256 -0.0594487 0.994306 -0.0884413 -10.1338 -0.798171 0.0058603 0.602402 81.4512
0.606403 0.104352 0.78828 114.817 -0.0596819 0.994528 -0.0857435 -10.1902 -0.792914 0.00494906 0.609313 81.9019
0.613478 0.104804 0.782727 115.396 -0.0606124 0.99448 -0.0856506 -10.2485 -0.787382 0.00510179 0.616444 82.3664
0.620998 0.106629 0.776525 115.955 -0.0642416 0.994294 -0.0851578 -10.2991 -0.781175 0.00299764 0.624305 82.8309
0.628834 0.108011 0.770001 116.533 -0.0663903 0.994147 -0.0852345 -10.352 -0.7747 0.0024777 0.632324 83.3119
0.63467 0.108304 0.765157 117.105 -0.0674477 0.994115 -0.0847663 -10.4061 -0.769834 0.00219055 0.63824 83.8152
0.640177 0.107103 0.760725 117.683 -0.0673039 0.994246 -0.0833415 -10.4636 -0.765274 0.00215362 0.643702 84.3148
0.642998 0.106114 0.758481 118.276 -0.0659991 0.994348 -0.0831626 -10.5189 -0.763019 0.00341436 0.646367 84.8385
0.646938 0.104076 0.755407 118.887 -0.0632351 0.994552 -0.0828697 -10.574 -0.759916 0.00584331 0.649995 85.3637
0.650659 0.100208 0.752729 119.505 -0.0583506 0.994922 -0.0820123 -10.6374 -0.757125 0.00943982 0.653202 85.8848
0.654226 0.093737 0.750468 120.121 -0.0508036 0.995495 -0.0800537 -10.7004 -0.754591 0.0142467 0.656041 86.4238
0.657219 0.0877574 0.748573 120.739 -0.0445814 0.995986 -0.0776215 -10.7598 -0.75238 0.0176419 0.658493 86.9735
0.659956 0.0832649 0.746676 121.365 -0.0402657 0.996331 -0.0755159 -10.8198 -0.750224 0.0197718 0.660888 87.5245
0.66456 0.0803703 0.7429 122 -0.0386884 0.996566 -0.0732045 -10.8782 -0.746232 0.0199072 0.665388 88.0767
0.667141 0.0822195 0.74038 122.625 -0.0398789 0.996407 -0.0747173 -10.9402 -0.743863 0.0203215 0.668023 88.6611
0.6696 0.0862611 0.737696 123.257 -0.0445667 0.996109 -0.0760254 -11.002 -0.741384 0.0180299 0.670839 89.2694
0.673337 0.089273 0.733927 123.872 -0.0504907 0.995918 -0.0748186 -11.0573 -0.73761 0.0133217 0.675096 89.8471
0.676004 0.0870408 0.731739 124.511 -0.0519479 0.996158 -0.0705024 -11.1159 -0.735065 0.00964759 0.677929 90.4525
0.679285 0.0837785 0.729077 125.145 -0.0544619 0.996478 -0.0637632 -11.1649 -0.731851 0.00360644 0.681455 91.0631
0.682368 0.0781968 0.726815 125.769 -0.0534332 0.996938 -0.0570933 -11.2113 -0.729054 0.000122624 0.684457 91.6654
0.688156 0.0726147 0.72192 126.424 -0.0495942 0.99736 -0.0530453 -11.2584 -0.723866 0.000700342 0.68994 92.2844
0.693137 0.0695105 0.717447 127.079 -0.0440105 0.997564 -0.0541306 -11.3083 -0.719461 0.00594469 0.694507 92.9126
0.69793 0.0667738 0.713046 127.716 -0.0344907 0.997622 -0.0596637 -11.3614 -0.715335 0.0170477 0.698574 93.5292
0.703673 0.0704975 0.707018 128.356 -0.031543 0.997184 -0.0680365 -11.4116 -0.709823 0.025574 0.703916 94.1598
0.709615 0.0713961 0.700963 128.982 -0.0295349 0.996993 -0.0716486 -11.4721 -0.70397 0.0301401 0.70959 94.7916
0.71537 0.0665017 0.695574 129.613 -0.025921 0.997301 -0.0686902 -11.5218 -0.698265 0.0311089 0.715163 95.4474
0.72093 0.060163 0.690392 130.237 -0.0210916 0.997668 -0.0649156 -11.5896 -0.692687 0.0322381 0.720517 96.1035
0.726656 0.0565648 0.684669 130.867 -0.0156641 0.99771 -0.0658024 -11.6386 -0.686823 0.037091 0.725878 96.7618
0.730829 0.0591112 0.679997 131.478 -0.0148354 0.997383 -0.0707568 -11.7043 -0.6824 0.0416231 0.729793 97.4262
0.734236 0.0610246 0.676147 132.097 -0.0159099 0.997225 -0.0727262 -11.7569 -0.678708 0.0426408 0.733169 98.1095
0.737756 0.0586339 0.672516 132.729 -0.0145324 0.997369 -0.0710143 -11.8198 -0.674911 0.042618 0.736668 98.7967
0.739978 0.0522718 0.670597 133.347 -0.0101692 0.997731 -0.0665501 -11.8858 -0.672554 0.0424261 0.738831 99.4772
0.741677 0.0477822 0.669054 133.976 -0.00652048 0.997926 -0.0640413 -11.9406 -0.670726 0.0431354 0.74045 100.169
0.742199 0.0435393 0.668764 134.596 -0.00329785 0.998113 -0.0613212 -11.995 -0.670172 0.0433071 0.740942 100.854
0.742664 0.0421729 0.668335 135.221 -0.00299573 0.998214 -0.0596599 -12.0546 -0.669658 0.0423051 0.741464 101.55
0.742542 0.0417993 0.668494 135.827 -0.00301578 0.998249 -0.0590682 -12.1045 -0.669793 0.0418446 0.741368 102.244
0.741993 0.0446475 0.668919 136.447 -0.00568259 0.998163 -0.0603198 -12.1617 -0.670383 0.0409557 0.740884 102.936
0.740517 0.0483582 0.670295 137.052 -0.00912551 0.998039 -0.0619217 -12.212 -0.671976 0.0397373 0.739507 103.627
0.738745 0.0526632 0.671924 137.678 -0.0135105 0.997899 -0.063358 -12.2648 -0.673849 0.0377274 0.737905 104.326
0.736952 0.0549012 0.673711 138.301 -0.0167439 0.997873 -0.0630017 -12.3201 -0.675737 0.0351487 0.736304 105.011
0.734772 0.0566697 0.675942 138.923 -0.0196767 0.997865 -0.0622699 -12.379 -0.678028 0.0324539 0.734319 105.704
0.732029 0.0561144 0.678959 139.539 -0.0204519 0.997963 -0.0604288 -12.436 -0.680967 0.0303496 0.731685 106.389
0.729322 0.0547749 0.681974 140.159 -0.0214558 0.998131 -0.0572227 -12.4849 -0.683834 0.0271015 0.729134 107.069
0.726945 0.0507032 0.684821 140.787 -0.0169623 0.998292 -0.0559065 -12.5328 -0.686486 0.0290248 0.726563 107.739
0.724626 0.0529917 0.687102 141.418 -0.0154709 0.998039 -0.0606564 -12.6017 -0.688969 0.0333231 0.724024 108.408
0.720469 0.0644859 0.690483 142.018 -0.022845 0.997334 -0.0693064 -12.6541 -0.693111 0.034159 0.720021 109.057
0.716833 0.0734313 0.693367 142.654 -0.0284266 0.99669 -0.0761661 -12.7135 -0.696665 0.0348883 0.716548 109.727
0.714266 0.0703816 0.696326 143.285 -0.027098 0.996966 -0.0729727 -12.775 -0.699349 0.0332529 0.714006 110.38
0.710019 0.0682279 0.70087 143.913 -0.0296481 0.997309 -0.0670504 -12.8391 -0.703558 0.0268276 0.710131 111.035
0.706538 0.0655683 0.704631 144.55 -0.0295892 0.997565 -0.0631575 -12.8912 -0.707056 0.0237737 0.706758 111.682
0.704424 0.0662077 0.706685 145.194 -0.0307221 0.997551 -0.0628345 -12.9519 -0.709114 0.0225513 0.704733 112.319
0.700946 0.0649985 0.710247 145.82 -0.0287187 0.997603 -0.0629534 -13.0008 -0.712636 0.0237296 0.701132 112.935
0.698394 0.0642768 0.712821 146.457 -0.0255684 0.997564 -0.0649018 -13.0615 -0.715257 0.0271013 0.698336 113.551
0.6949 0.0634688 0.7163 147.086 -0.0219403 0.997505 -0.0671005 -13.1186 -0.718772 0.0309123 0.694558 114.158
0.691326 0.0645562 0.719654 147.732 -0.0204485 0.99735 -0.0698233 -13.184 -0.722254 0.0335548 0.690814 114.77
0.687512 0.0649197 0.723266 148.362 -0.0198989 0.997306 -0.070602 -13.2394 -0.725901 0.0341475 0.686951 115.379
0.683695 0.0659912 0.726778 149.016 -0.0213215 0.997284 -0.0704954 -13.3002 -0.729456 0.0327014 0.683246 115.997
0.678986 0.0659772 0.731181 149.674 -0.0207599 0.997281 -0.0707104 -13.3619 -0.733858 0.0328321 0.678509 116.613
0.6733 0.0680731 0.736229 150.331 -0.0219478 0.997154 -0.072127 -13.4143 -0.739043 0.0324046 0.672878 117.226
0.667256 0.0750569 0.741037 151 -0.0258294 0.996643 -0.0776885 -13.4845 -0.744381 0.0326975 0.666954 117.838
0.661387 0.0803777 0.745725 151.656 -0.028617 0.996222 -0.0819968 -13.5553 -0.749499 0.0328912 0.661188 118.429
0.654439 0.0843804 0.751392 152.316 -0.0312908 0.995925 -0.0845877 -13.6288 -0.755467 0.0318458 0.654412 119.022
0.648097 0.0792416 0.757424 153.011 -0.0313825 0.996506 -0.0774016 -13.6958 -0.760911 0.026394 0.64832 119.624
0.64041 0.0741748 0.764443 153.719 -0.0353447 0.997117 -0.0671416 -13.7515 -0.767219 0.0159792 0.641186 120.233
0.633255 0.0685387 0.770903 154.408 -0.0327122 0.997551 -0.061818 -13.8059 -0.773252 0.0139286 0.633946 120.805
0.626337 0.0694512 0.776452 155.135 -0.0367247 0.997546 -0.0596028 -13.8495 -0.778687 0.00881649 0.627351 121.409
0.61811 0.0723382 0.782756 155.854 -0.0378383 0.997341 -0.0622897 -13.9059 -0.78518 0.00888374 0.619204 121.986
0.612193 0.0718113 0.787441 156.581 -0.0308467 0.997278 -0.0669659 -13.9581 -0.790107 0.0167061 0.612742 122.544
0.604735 0.0810692 0.79229 157.297 -0.0319026 0.996473 -0.0776114 -14.0266 -0.795788 0.0216582 0.605188 123.114
0.597379 0.0834551 0.797605 158.037 -0.0301934 0.996206 -0.0816212 -14.1027 -0.801391 0.0246763 0.597632 123.662
0.591516 0.0794358 0.802371 158.804 -0.0270238 0.996529 -0.0787355 -14.1666 -0.80584 0.0248903 0.59161 124.211
0.585868 0.0724309 0.807163 159.586 -0.0212019 0.997027 -0.0740793 -14.2381 -0.810129 0.0262873 0.585662 124.748
0.578067 0.0713035 0.812868 160.319 -0.020374 0.997125 -0.0729774 -14.3007 -0.815735 0.0256244 0.577858 125.291
0.570868 0.0728785 0.817801 161.062 -0.0212557 0.997031 -0.0740129 -14.3642 -0.820767 0.0248686 0.570722 125.817
0.564668 0.0713918 0.822225 161.803 -0.0180207 0.997081 -0.0741983 -14.432 -0.825121 0.0270803 0.564306 126.321
0.559029 0.0659543 0.826521 162.562 -0.0128703 0.997401 -0.0708851 -14.4974 -0.829048 0.0289893 0.558425 126.832
0.555728 0.0622853 0.829028 163.33 -0.0108157 0.997647 -0.0677036 -14.5579 -0.831294 0.0286583 0.555094 127.334
0.550689 0.0606285 0.832506 164.051 -0.0115934 0.997818 -0.0649988 -14.6134 -0.83463 0.0261425 0.55019 127.822
0.545932 0.0633041 0.835435 164.78 -0.013202 0.997668 -0.06697 -14.6788 -0.837726 0.0255316 0.545494 128.299
0.542484 0.0660154 0.837468 165.501 -0.0116718 0.997404 -0.0710621 -14.7406 -0.839985 0.0287752 0.541846 128.77
0.539651 0.0712571 0.838868 166.215 -0.0116382 0.996948 -0.0771982 -14.8036 -0.841808 0.0318972 0.538834 129.245
0.535619 0.0744632 0.841171 166.929 -0.0151647 0.996792 -0.0785831 -14.8711 -0.844324 0.0293345 0.53503 129.712
0.533462 0.0693039 0.84298 167.641 -0.014198 0.997231 -0.0730004 -14.936 -0.845705 0.0269743 0.532969 130.161
0.531967 0.0611882 0.844552 168.363 -0.0107539 0.997794 -0.065517 -14.9917 -0.846697 0.0257706 0.531451 130.603
0.530085 0.0558167 0.846105 169.074 -0.00587127 0.998049 -0.0621619 -15.0503 -0.847924 0.0279834 0.529378 131.036
0.527321 0.0540814 0.847943 169.757 -0.000606255 0.997996 -0.0632747 -15.1045 -0.849666 0.032852 0.526297 131.468
0.525004 0.0556863 0.849276 170.442 0.00161185 0.99779 -0.0664206 -15.1595 -0.851098 0.03624 0.523754 131.89
0.52342 0.0627679 0.84976 171.121 -0.000393586 0.997301 -0.0734236 -15.2196 -0.852075 0.0380969 0.522031 132.311
0.520859 0.0714326 0.850649 171.785 -0.00285325 0.996633 -0.0819444 -15.2758 -0.853638 0.0402544 0.519309 132.731
0.519814 0.0734998 0.851112 172.459 -0.0006582 0.996326 -0.0856382 -15.3457 -0.854279 0.0439557 0.517953 133.131
0.517386 0.067361 0.853097 173.124 7.54226e-05 0.996894 -0.078761 -15.4007 -0.855752 0.0408141 0.515773 133.539
0.514286 0.0591563 0.855576 173.791 -0.00534682 0.99782 -0.0657774 -15.4509 -0.857602 0.0292538 0.513481 133.953
0.511152 0.0553211 0.857708 174.433 -0.0123932 0.998297 -0.0570032 -15.4982 -0.859401 0.0185075 0.510967 134.355
0.508684 0.0579193 0.859003 175.074 -0.0151513 0.998182 -0.0583313 -15.5496 -0.86082 0.0166573 0.508637 134.745
0.505762 0.0609121 0.86052 175.707 -0.01301 0.997929 -0.0629921 -15.597 -0.862575 0.0206637 0.505508 135.117
0.503412 0.06301 0.861746 176.333 -0.0122153 0.997757 -0.0658191 -15.646 -0.86396 0.0226077 0.503053 135.481
0.500068 0.0614923 0.8638 176.955 -0.0120311 0.997873 -0.0640717 -15.6955 -0.865903 0.0216477 0.499744 135.857
0.498206 0.0606638 0.864934 177.58 -0.0120136 0.997937 -0.0630724 -15.7417 -0.866975 0.0210321 0.497907 136.217
0.495927 0.0596109 0.866316 178.193 -0.0117927 0.998011 -0.061922 -15.793 -0.868284 0.0204926 0.495644 136.574
0.493262 0.0604703 0.867777 178.799 -0.0103843 0.997919 -0.0636366 -15.8336 -0.869819 0.0223782 0.492863 136.916
0.489138 0.0620763 0.869994 179.384 -0.00957962 0.997786 -0.0658087 -15.8791 -0.872154 0.0238553 0.48865 137.256
0.484539 0.0634268 0.872467 179.976 -0.00951783 0.997691 -0.0672445 -15.9307 -0.874718 0.0242786 0.484023 137.59
0.480469 0.0656266 0.874553 180.575 -0.00941676 0.997525 -0.069681 -15.9747 -0.876961 0.0252441 0.479898 137.917
0.475819 0.0681038 0.876903 181.147 -0.00979121 0.997346 -0.0721451 -16.0197 -0.879489 0.0257421 0.475223 138.218
0.469911 0.0711294 0.879843 181.721 -0.00829317 0.99706 -0.0761763 -16.0692 -0.882675 0.0284994 0.469119 138.532
0.463115 0.0736928 0.883229 182.306 -0.00680714 0.996804 -0.0795997 -16.1238 -0.886272 0.0308516 0.462136 138.843
0.456513 0.0764558 0.886426 182.896 -0.00833834 0.996625 -0.0816664 -16.1748 -0.889678 0.0298904 0.455609 139.142
0.449444 0.0783701 0.889864 183.487 -0.0123836 0.996595 -0.0815152 -16.2227 -0.893223 0.0256168 0.448885 139.453
0.442215 0.0799422 0.89334 184.085 -0.0153861 0.99655 -0.0815618 -16.2681 -0.896777 0.0223228 0.441919 139.759
0.436519 0.080895 0.896051 184.7 -0.0161668 0.996494 -0.0820871 -16.3268 -0.89955 0.0213463 0.436296 140.053
0.428732 0.0835831 0.899557 185.318 -0.0166917 0.996274 -0.0846143 -16.3835 -0.903278 0.0212617 0.428529 140.355
0.420829 0.088578 0.902805 185.931 -0.0197707 0.99588 -0.0884942 -16.438 -0.906924 0.0193919 0.420847 140.652
0.413177 0.0919636 0.905995 186.561 -0.0219149 0.995604 -0.0910651 -16.4967 -0.910387 0.0177713 0.413376 140.938
0.40683 0.094914 0.90856 187.207 -0.0229792 0.995336 -0.0936897 -16.5535 -0.913215 0.0172378 0.407114 141.23
0.398221 0.096767 0.912171 187.851 -0.023249 0.995165 -0.0954217 -16.6245 -0.916995 0.0167919 0.398546 141.525
0.391535 0.0997932 0.914736 188.516 -0.0244379 0.994879 -0.0980763 -16.683 -0.919839 0.016046 0.391968 141.809
0.384224 0.100287 0.917777 189.185 -0.0214245 0.994784 -0.0997323 -16.7534 -0.922991 0.0186566 0.384368 142.083
0.376043 0.0996242 0.921231 189.864 -0.0196693 0.994838 -0.0995553 -16.8208 -0.926393 0.0193171 0.376062 142.358
0.369268 0.0976126 0.924182 190.566 -0.0185051 0.995044 -0.0977031 -16.8884 -0.929139 0.0189766 0.369244 142.635
0.361125 0.0948565 0.92768 191.277 -0.019136 0.995357 -0.0943274 -16.9533 -0.932321 0.0163119 0.361264 142.925
0.354075 0.091132 0.930766 191.996 -0.0181319 0.995723 -0.0905943 -17.0136 -0.935041 0.0152006 0.354213 143.204
0.349161 0.0876968 0.93295 192.735 -0.0151691 0.99601 -0.0879472 -17.0842 -0.93694 0.0165557 0.349098 143.464
0.343822 0.0815273 0.935489 193.483 -0.0149736 0.996573 -0.0813475 -17.1474 -0.938916 0.0139613 0.343864 143.743
0.338298 0.0765845 0.937917 194.243 -0.0139588 0.996982 -0.0763725 -17.1946 -0.940935 0.0127445 0.338346 144.017
0.333109 0.0759713 0.939823 195.036 -0.00974162 0.996973 -0.0771382 -17.2589 -0.942838 0.01654 0.332841 144.304
0.328682 0.0832988 0.94076 195.81 -0.00596524 0.996266 -0.0861294 -17.3268 -0.944422 0.0226974 0.327952 144.565
0.32477 0.0942655 0.941084 196.595 -0.0022227 0.995094 -0.0989085 -17.3979 -0.94579 0.0300308 0.323386 144.825
0.321022 0.101099 0.94166 197.388 0.00327378 0.994162 -0.107852 -17.478 -0.947066 0.0377056 0.318817 145.083
0.3171 0.0968962 0.943429 198.211 0.0103788 0.994353 -0.105615 -17.5551 -0.948335 0.0432821 0.314304 145.357
0.312627 0.0890908 0.945689 199.048 0.0165956 0.994928 -0.0992156 -17.638 -0.949731 0.0467117 0.309562 145.621
0.308429 0.0832615 0.947597 199.889 0.0201485 0.995367 -0.0940169 -17.7151 -0.951034 0.0480902 0.305322 145.885
0.303682 0.0887332 0.948632 200.722 0.0173056 0.994976 -0.098608 -17.8027 -0.952616 0.0463621 0.300621 146.15
0.299389 0.09844 0.949039 201.569 0.0116686 0.994211 -0.106807 -17.8849 -0.95406 0.0430507 0.296508 146.421
0.294482 0.102239 0.950172 202.416 0.00728405 0.993992 -0.109212 -17.9732 -0.955629 0.039082 0.291968 146.693
0.288868 0.0977699 0.952364 203.277 0.00513027 0.994599 -0.103662 -18.0569 -0.957355 0.0348305 0.286806 146.966
0.283054 0.0944471 0.954442 204.132 0.00330504 0.995038 -0.0994443 -18.1378 -0.959098 0.0313025 0.281337 147.231
0.277781 0.0954194 0.955894 205.013 0.00247682 0.99498 -0.100041 -18.2243 -0.960641 0.0301571 0.276151 147.486
0.273259 0.0999184 0.956737 205.882 -0.00045134 0.994604 -0.103744 -18.3142 -0.961941 0.0279172 0.271829 147.731
0.268807 0.09996 0.957993 206.783 0.00312564 0.994505 -0.104647 -18.4001 -0.963189 0.0311241 0.267018 147.983
0.264955 0.0991822 0.959146 207.67 0.00725097 0.994463 -0.104837 -18.4906 -0.964234 0.0347318 0.262768 148.226
0.261019 0.0981129 0.960335 208.581 0.00952223 0.994512 -0.104193 -18.5796 -0.965287 0.0363408 0.258652 148.475
0.257866 0.0972753 0.961271 209.493 0.0115301 0.994538 -0.103735 -18.6696 -0.966112 0.0378332 0.255336 148.719
0.255198 0.0965617 0.962055 210.406 0.0122793 0.994597 -0.103085 -18.7621 -0.966811 0.0381205 0.252633 148.964
0.25193 0.0955339 0.963019 211.307 0.00996194 0.994807 -0.101293 -18.8533 -0.967694 0.0351123 0.249669 149.214
0.249408 0.0931895 0.963904 212.234 0.0104633 0.995042 -0.0989072 -18.9436 -0.968342 0.0347539 0.247196 149.46
0.24704 0.0933518 0.964498 213.143 0.00806704 0.995116 -0.0983815 -19.0296 -0.968972 0.0320848 0.24508 149.699
0.245311 0.0959533 0.964684 214.04 0.00547367 0.994937 -0.100354 -19.1199 -0.969429 0.0298984 0.243544 149.932
0.243848 0.0972987 0.96492 214.969 0.00434295 0.994835 -0.101413 -19.2121 -0.969804 0.0289199 0.242166 150.168
0.241581 0.0973674 0.965483 215.881 0.00549265 0.9948 -0.101698 -19.3001 -0.970365 0.0298715 0.23979 150.404
0.240314 0.0961638 0.96592 216.795 0.0052989 0.994936 -0.100371 -19.4032 -0.970681 0.0292389 0.238588 150.631
0.239193 0.0917496 0.966628 217.702 0.00618246 0.995361 -0.0960068 -19.4791 -0.970952 0.0289403 0.237516 150.854
0.237381 0.0897033 0.967266 218.633 0.00848724 0.995498 -0.0944044 -19.5832 -0.971379 0.0306193 0.235551 151.093
0.236758 0.0908597 0.967311 219.546 0.00783657 0.995407 -0.0954168 -19.6621 -0.971537 0.0301711 0.234959 151.313
0.234783 0.0977264 0.967123 220.458 0.00589201 0.994772 -0.101951 -19.7544 -0.97203 0.0296346 0.23298 151.543
0.233207 0.100026 0.967269 221.367 0.00752655 0.99448 -0.104654 -19.8463 -0.972398 0.0316863 0.231166 151.761
0.23047 0.101575 0.967763 222.276 0.00529952 0.994391 -0.105631 -19.9426 -0.973065 0.0294736 0.228639 151.981
0.22702 0.0978578 0.968961 223.212 0.00492158 0.994811 -0.101622 -20.0346 -0.973878 0.0278389 0.22536 152.211
0.224139 0.0920954 0.970196 224.142 0.00402522 0.995429 -0.0954206 -20.1247 -0.974549 0.0252928 0.222744 152.435
0.22105 0.0881915 0.971267 225.064 0.00613781 0.995757 -0.0918122 -20.2128 -0.975243 0.0262566 0.219571 152.645
0.216068 0.0887907 0.972333 225.959 0.00436228 0.995759 -0.0918992 -20.2942 -0.976369 0.024098 0.214764 152.86
0.212423 0.0900253 0.973022 226.883 0.00391315 0.995661 -0.0929742 -20.3805 -0.97717 0.0235574 0.211149 153.063
0.208496 0.0905905 0.973819 227.806 0.00443305 0.995603 -0.0935661 -20.4674 -0.978013 0.0238252 0.207178 153.26
0.204518 0.0899236 0.974724 228.719 0.00427336 0.99568 -0.0927536 -20.5488 -0.978854 0.0231351 0.20325 153.451
0.200786 0.0890346 0.975581 229.624 0.00519121 0.995751 -0.0919437 -20.6318 -0.979621 0.0235255 0.199471 153.63
0.196907 0.0884266 0.976426 230.539 0.00449983 0.995832 -0.0910915 -20.715 -0.980412 0.0223303 0.195689 153.817
0.192646 0.0893373 0.977193 231.462 0.00320177 0.995784 -0.0916682 -20.7993 -0.981263 0.0207883 0.191548 154.005
0.188812 0.0901229 0.977869 232.367 0.000450198 0.995772 -0.0918598 -20.8836 -0.982013 0.0177845 0.187973 154.185
0.184638 0.0895102 0.978722 233.289 -0.00163716 0.995871 -0.0907697 -20.9688 -0.982805 0.0151572 0.184022 154.369
0.181391 0.0902847 0.979258 234.195 -0.00581722 0.995858 -0.0907376 -21.0487 -0.983394 0.0107625 0.181165 154.553
0.176958 0.0952316 0.9796 235.097 -0.010797 0.995436 -0.0948207 -21.1316 -0.984159 0.00620261 0.177179 154.737
0.17326 0.100643 0.97972 236.008 -0.0137247 0.994915 -0.0997768 -21.2179 -0.98478 0.00384099 0.173761 154.912
0.170135 0.10284 0.98004 236.909 -0.0155654 0.994696 -0.101676 -21.3062 -0.985298 0.00204392 0.170833 155.076
0.166344 0.100136 0.98097 237.81 -0.0167546 0.994974 -0.0987241 -21.3947 -0.985925 -1.35813e-05 0.167186 155.228
0.163021 0.0968932 0.981853 238.723 -0.0159409 0.995295 -0.0955729 -21.4813 -0.986494 -7.12799e-05 0.163798 155.381
0.160202 0.0938205 0.982615 239.622 -0.0159403 0.995589 -0.0924604 -21.5632 -0.986956 -0.000850781 0.160991 155.531
0.158189 0.0923779 0.983078 240.544 -0.0143152 0.995724 -0.0912628 -21.655 -0.987305 0.000363788 0.158835 155.68
0.154541 0.0926235 0.983635 241.447 -0.0136864 0.995701 -0.0916094 -21.7323 -0.987892 0.000694943 0.155144 155.825
0.149361 0.0941958 0.984286 242.336 -0.014094 0.995554 -0.0931355 -21.8128 -0.988682 3.8355e-05 0.150025 155.967
0.145623 0.0973986 0.984534 243.244 -0.0150883 0.995245 -0.0962265 -21.901 -0.989225 -0.000842085 0.146401 156.106
0.139616 0.092867 0.985841 244.128 -0.00607608 0.995654 -0.0929309 -21.9802 -0.990187 0.00698456 0.139573 156.223
0.135576 0.087145 0.986927 245.032 -0.00338114 0.996159 -0.0874957 -22.0593 -0.990761 0.00852542 0.13535 156.345
0.130434 0.0884939 0.9875 245.937 -0.00378912 0.996046 -0.0887593 -22.1362 -0.99145 0.00783551 0.130254 156.469
0.12652 0.100177 0.986893 246.777 -0.00175748 0.994909 -0.100765 -22.2285 -0.991962 0.0110144 0.126052 156.574
0.120582 0.11301 0.98625 247.645 -0.00146143 0.993518 -0.113664 -22.3125 -0.992702 0.0122645 0.119965 156.69
0.114502 0.117294 0.986474 248.52 -0.00222183 0.993033 -0.117816 -22.407 -0.993421 0.0112984 0.113964 156.799
0.109207 0.112739 0.987605 249.41 -0.00620685 0.993605 -0.112738 -22.4944 -0.994 0.00618188 0.109209 156.901
0.104555 0.105869 0.988868 250.287 -0.00803389 0.994375 -0.105609 -22.589 -0.994487 0.00309742 0.104817 156.998
0.0990831 0.101328 0.989907 251.177 -0.0101177 0.994853 -0.100822 -22.6796 -0.995028 -2.58629e-05 0.0995984 157.093
0.0920963 0.101475 0.990566 252.048 -0.0139486 0.994828 -0.100614 -22.7674 -0.995652 -0.00455075 0.0930354 157.19
0.0853595 0.0992961 0.99139 252.916 -0.0178161 0.995015 -0.0981251 -22.8544 -0.996191 -0.00928677 0.086703 157.274
0.0780306 0.095593 0.992357 253.791 -0.0220151 0.995315 -0.0941468 -22.9319 -0.996708 -0.0145005 0.0797695 157.352
0.0707058 0.0920781 0.993238 254.667 -0.0231803 0.995613 -0.0906481 -23.0143 -0.997228 -0.0166142 0.07253 157.426
0.0638872 0.0935975 0.993558 255.526 -0.0194294 0.99552 -0.092533 -23.0967 -0.997768 -0.0133926 0.0654195 157.482
0.0583 0.097468 0.99353 256.388 -0.0179535 0.995164 -0.0965748 -23.174 -0.998138 -0.012207 0.0597679 157.524
0.0514681 0.0998828 0.993667 257.247 -0.0154945 0.994946 -0.0992088 -23.2525 -0.998554 -0.0102903 0.0527556 157.572
0.0443054 0.0983491 0.994165 258.114 -0.0148736 0.995097 -0.0977785 -23.3343 -0.998907 -0.0104547 0.045551 157.617
0.0379624 0.0956848 0.994687 258.991 -0.0160892 0.995335 -0.095133 -23.4157 -0.99915 -0.0123922 0.0393248 157.661
0.0317256 0.0945263 0.995017 259.846 -0.0125043 0.995477 -0.0941713 -23.4947 -0.999418 -0.00945437 0.0327641 157.69
0.0273526 0.0963477 0.994972 260.704 -0.00998883 0.995321 -0.0961069 -23.5796 -0.999576 -0.00730983 0.0281871 157.709
0.023094 0.100286 0.994691 261.57 -0.011334 0.994918 -0.100045 -23.6561 -0.999669 -0.00896338 0.0241133 157.729
0.018861 0.10166 0.99464 262.416 -0.00909959 0.994794 -0.101503 -23.7392 -0.999781 -0.00713636 0.0196879 157.744
0.0151994 0.10064 0.994807 263.249 -0.00336069 0.994921 -0.100601 -23.8223 -0.999879 -0.00181416 0.0154604 157.761
0.0148211 0.0982282 0.995054 264.119 -0.00102502 0.995164 -0.0982238 -23.906 -0.99989 0.000435841 0.0148501 157.766
0.0126752 0.0964798 0.995254 264.976 0.000907564 0.995333 -0.0964989 -23.9878 -0.999919 0.00212641 0.0125285 157.779
0.0121752 0.0955042 0.995355 265.847 0.00313689 0.99542 -0.0955489 -24.0688 -0.999921 0.00428564 0.0118198 157.782
0.0104969 0.0970618 0.995223 266.709 0.00493595 0.995261 -0.0971175 -24.1508 -0.999933 0.00593181 0.00996808 157.798
0.0105948 0.098214 0.995109 267.563 0.00668271 0.995136 -0.0982878 -24.2363 -0.999922 0.00769137 0.00988691 157.807
0.0108551 0.0998795 0.99494 268.397 0.00998536 0.994939 -0.0999883 -24.3155 -0.999891 0.0110202 0.00980278 157.82
0.0117285 0.100499 0.994868 269.237 0.0121525 0.994849 -0.10064 -24.4012 -0.999857 0.0132705 0.0104468 157.831
0.0130792 0.100756 0.994825 270.068 0.0135514 0.994801 -0.100932 -24.4875 -0.999823 0.0148014 0.0116458 157.844
0.0150982 0.100688 0.994803 270.905 0.0154931 0.994774 -0.100921 -24.5712 -0.999766 0.0169363 0.0134593 157.853
0.0174429 0.0998112 0.994853 271.712 0.016522 0.99484 -0.1001 -24.6449 -0.999711 0.018183 0.0157038 157.868
0.0199522 0.0976457 0.995021 272.518 0.0173402 0.995036 -0.0979948 -24.727 -0.999651 0.0192091 0.01816 157.884
0.0233929 0.0940936 0.995288 273.312 0.0177381 0.995365 -0.0945177 -24.8071 -0.999569 0.0198655 0.0216154 157.898
0.0258757 0.0910704 0.995508 274.099 0.0168598 0.99566 -0.0915225 -24.8859 -0.999523 0.0191523 0.024228 157.923
0.0305701 0.0893083 0.995535 274.875 0.0156979 0.995835 -0.0898172 -24.954 -0.999409 0.0183735 0.0290408 157.938
0.0343889 0.0891083 0.995428 275.617 0.0105577 0.995929 -0.0895179 -25.0247 -0.999353 0.0135878 0.0333081 157.974
0.0383309 0.0904157 0.995166 276.371 0.00768965 0.995842 -0.0907733 -25.0986 -0.999236 0.0111319 0.0374762 158.013
0.0414626 0.0904417 0.995038 277.091 0.00634739 0.995851 -0.0907801 -25.1633 -0.99912 0.0100799 0.0407165 158.045
0.0444517 0.088163 0.995114 277.834 0.00705275 0.996046 -0.0885606 -25.2277 -0.998987 0.010955 0.0436541 158.087
0.0486184 0.0848483 0.995207 278.559 0.00507895 0.996351 -0.085194 -25.2967 -0.998805 0.0091966 0.04801 158.122
0.0534845 0.0828823 0.995123 279.259 0.0024033 0.996536 -0.0831292 -25.3576 -0.998566 0.0068377 0.0531 158.16
0.0561666 0.0839024 0.99489 279.939 0.00344017 0.996441 -0.0842275 -25.4175 -0.998416 0.00815337 0.0556781 158.215
0.0600397 0.0851485 0.994558 280.611 0.00280974 0.996337 -0.0854704 -25.4768 -0.998192 0.00792607 0.0595805 158.258
0.0646695 0.0866914 0.994134 281.277 0.00258913 0.996201 -0.0870401 -25.5352 -0.997903 0.00820278 0.0641994 158.296
0.0680088 0.0894405 0.993668 281.918 0.0013533 0.995964 -0.0897399 -25.6015 -0.997684 0.00744783 0.0676133 158.348
0.0699815 0.0898783 0.993491 282.556 -0.00161492 0.995942 -0.0899863 -25.6576 -0.997547 0.00469297 0.0698427 158.407
0.074324 0.0907831 0.993093 283.176 -0.0042183 0.995867 -0.090721 -25.7117 -0.997225 0.00255358 0.0743998 158.457
0.0777709 0.0905341 0.992852 283.794 -0.00620014 0.995893 -0.0903257 -25.7685 -0.996952 0.000868899 0.0780129 158.511
0.0811546 0.0903882 0.992594 284.37 -0.00689843 0.995906 -0.0901258 -25.8265 -0.996678 0.000466788 0.081446 158.561
0.0839249 0.091504 0.992262 284.943 -0.00767515 0.995805 -0.0911815 -25.8776 -0.996443 3.66427e-05 0.0842751 158.613
0.0868327 0.0943716 0.991743 285.528 -0.0117993 0.995531 -0.093699 -25.9333 -0.996153 -0.00356569 0.0875582 158.672
0.0894088 0.0942415 0.991526 286.081 -0.0120928 0.995543 -0.0935328 -25.9813 -0.995922 -0.00362763 0.09015 158.733
0.0930764 0.0943801 0.991176 286.629 -0.0138984 0.995523 -0.0934889 -26.0365 -0.995562 -0.00507411 0.0939715 158.793
0.0960556 0.0938406 0.990943 287.164 -0.0149439 0.99557 -0.0928302 -26.0862 -0.995264 -0.00589163 0.0970324 158.855
0.0986596 0.0946147 0.990613 287.71 -0.0152456 0.995497 -0.0935628 -26.1391 -0.995004 -0.00587164 0.0996578 158.908
0.101731 0.0953209 0.990235 288.241 -0.0164471 0.995424 -0.0941307 -26.1889 -0.994676 -0.00671044 0.102834 158.967
0.103896 0.0967535 0.989871 288.747 -0.0167675 0.995286 -0.0955228 -26.2348 -0.994447 -0.0066732 0.105029 159.032
0.106471 0.0977789 0.989496 289.252 -0.0159709 0.995193 -0.0966233 -26.2873 -0.994188 -0.00551556 0.107521 159.086
0.108775 0.0994521 0.989079 289.766 -0.0173641 0.995021 -0.0981399 -26.3358 -0.993915 -0.00649936 0.10996 159.149
0.110378 0.10088 0.988757 290.256 -0.0181627 0.994874 -0.099477 -26.3792 -0.993724 -0.0069784 0.111645 159.212
0.111389 0.102161 0.988512 290.745 -0.0189616 0.994739 -0.100668 -26.4304 -0.993596 -0.00753049 0.11274 159.265
0.112726 0.103236 0.988248 291.199 -0.0196949 0.994625 -0.101656 -26.4768 -0.993431 -0.0080042 0.114154 159.333
0.113236 0.104075 0.988102 291.679 -0.0192161 0.994542 -0.102551 -26.5243 -0.993382 -0.00737497 0.114618 159.392
0.112853 0.104116 0.988142 292.162 -0.0192735 0.994537 -0.102589 -26.5776 -0.993425 -0.00746747 0.114243 159.449
0.111641 0.104019 0.98829 292.65 -0.020981 0.994532 -0.102306 -26.6171 -0.993527 -0.00931375 0.113213 159.507
0.110251 0.102746 0.988579 293.145 -0.0212824 0.994658 -0.101004 -26.6641 -0.993676 -0.00990348 0.111849 159.561
0.108758 0.103324 0.988684 293.651 -0.0200296 0.994609 -0.10174 -26.7182 -0.993866 -0.00873791 0.110241 159.621
0.106737 0.105772 0.988645 294.161 -0.0173378 0.994372 -0.104513 -26.7711 -0.994136 -0.00598557 0.10797 159.681
0.105079 0.109764 0.988388 294.67 -0.0115951 0.993958 -0.10915 -26.8286 -0.994396 8.97236e-06 0.105717 159.733
0.103416 0.114679 0.988005 295.198 -0.00879753 0.993398 -0.114384 -26.8816 -0.994599 0.00313718 0.103742 159.779
0.101127 0.117911 0.987861 295.74 -0.00983592 0.993022 -0.11752 -26.9327 -0.994825 0.00216791 0.101581 159.835
0.0990259 0.118641 0.987987 296.297 -0.0103841 0.992936 -0.118195 -26.9813 -0.995031 0.00144502 0.0995584 159.894
0.0970054 0.11595 0.988507 296.854 -0.00633948 0.993243 -0.115883 -27.0396 -0.995264 0.00497469 0.0970849 159.94
0.0959374 0.110652 0.989218 297.421 0.00268137 0.99377 -0.111422 -27.1107 -0.995384 0.013342 0.095043 159.982
0.0942832 0.109816 0.98947 297.993 0.00519325 0.99383 -0.110795 -27.1776 -0.995532 0.0155846 0.0931312 160.026
0.0915275 0.113004 0.98937 298.582 0.000968138 0.99353 -0.113569 -27.2388 -0.995802 0.0113525 0.0908259 160.089
0.0892774 0.115012 0.989344 299.179 -0.00206039 0.99333 -0.11529 -27.2861 -0.996005 0.00825435 0.0889189 160.149
0.0883697 0.113518 0.989598 299.792 0.00263451 0.993455 -0.114195 -27.3504 -0.996084 0.0126985 0.0874922 160.199
0.0867788 0.111847 0.989929 300.412 0.00702047 0.993584 -0.112875 -27.4159 -0.996203 0.016745 0.0854369 160.247
0.0867807 0.111545 0.989963 301.041 0.00840328 0.993595 -0.112691 -27.4892 -0.996192 0.0180984 0.0852875 160.288
0.0827675 0.112589 0.990188 301.68 0.00492384 0.993539 -0.113381 -27.5584 -0.996557 0.0142598 0.0816784 160.356
0.0816784 0.114826 0.990022 302.337 0.00318797 0.993306 -0.11547 -27.6237 -0.996654 0.0125875 0.0807656 160.412
0.0783911 0.117944 0.989921 303.006 0.00178726 0.992959 -0.118448 -27.6877 -0.996921 0.0110545 0.0776284 160.481
0.0770555 0.120471 0.989722 303.7 0.00291277 0.992642 -0.121054 -27.7638 -0.997023 0.0122107 0.0761376 160.539
0.0746215 0.119377 0.990041 304.379 0.000679124 0.992802 -0.119762 -27.8384 -0.997212 0.00960915 0.0740034 160.598
0.0725808 0.118346 0.990316 305.067 -0.00284322 0.992956 -0.118453 -27.9165 -0.997359 0.00578176 0.072406 160.661
0.0711961 0.119218 0.990312 305.776 -0.0041838 0.992859 -0.119223 -27.9928 -0.997454 0.00434498 0.0711865 160.709
0.0696555 0.123928 0.989843 306.491 -0.00118665 0.992263 -0.124147 -28.0822 -0.99757 0.00747293 0.0692637 160.757
0.0677501 0.129865 0.989214 307.213 0.000670328 0.991486 -0.130209 -28.1681 -0.997702 0.00948478 0.0670862 160.81
0.0665946 0.134026 0.988738 307.94 0.000281734 0.990935 -0.134343 -28.2451 -0.99778 0.00922505 0.0659532 160.869
0.0668466 0.131903 0.989006 308.693 0.00315175 0.99119 -0.132407 -28.3337 -0.997758 0.0119681 0.0658419 160.908
0.0651111 0.125824 0.989913 309.453 0.00888185 0.991906 -0.126662 -28.4293 -0.997839 0.0170394 0.0634666 160.943
0.0648839 0.122912 0.990294 310.214 0.0122993 0.992212 -0.123956 -28.5218 -0.997817 0.0202226 0.0628669 160.97
0.064607 0.123344 0.990259 310.978 0.0140156 0.992122 -0.12449 -28.6159 -0.997812 0.021922 0.0623693 161.014
0.0642907 0.125131 0.990055 311.743 0.014997 0.991874 -0.126335 -28.7026 -0.997819 0.02297 0.0618917 161.066
0.0632001 0.126995 0.989888 312.52 0.0165586 0.991601 -0.128272 -28.789 -0.997864 0.024498 0.0605664 161.122
0.064785 0.125989 0.989914 313.313 0.0161554 0.991735 -0.127278 -28.8819 -0.997768 0.0242382 0.0622142 161.161
0.0657506 0.124043 0.990096 314.109 0.017283 0.991953 -0.125423 -28.9761 -0.997686 0.0253585 0.0630777 161.208
0.065613 0.122459 0.990302 314.916 0.0178075 0.992139 -0.123866 -29.0756 -0.997686 0.0257621 0.0629166 161.27
0.0677351 0.122076 0.990207 315.707 0.0179498 0.992176 -0.123547 -29.1671 -0.997542 0.0261425 0.0650139 161.313
0.0688881 0.120088 0.99037 316.535 0.018039 0.992416 -0.121591 -29.2578 -0.997461 0.0262414 0.0661994 161.378
0.0702436 0.118136 0.99051 317.358 0.0185744 0.992635 -0.119707 -29.3589 -0.997357 0.0268068 0.067532 161.438
0.0723016 0.117329 0.990458 318.195 0.019686 0.992695 -0.119031 -29.4465 -0.997189 0.0281043 0.0694637 161.497
0.0742642 0.116752 0.990381 319.043 0.0204359 0.992736 -0.118562 -29.542 -0.997029 0.0290442 0.0713388 161.556
0.0775633 0.116954 0.990104 319.877 0.0206345 0.992695 -0.118876 -29.6323 -0.996774 0.0296507 0.0745834 161.606
0.0803397 0.116126 0.98998 320.744 0.0224996 0.992726 -0.118274 -29.7284 -0.996514 0.0317762 0.0771426 161.684
0.082953 0.115008 0.989895 321.602 0.0239006 0.992803 -0.117349 -29.8194 -0.996267 0.0333935 0.0796073 161.754
0.0862533 0.113492 0.989788 322.467 0.0251343 0.992926 -0.116043 -29.9209 -0.995956 0.0348867 0.0827906 161.826
0.0888219 0.113978 0.989505 323.344 0.0256309 0.992841 -0.116663 -30.0165 -0.995718 0.0357241 0.0852646 161.898
0.092098 0.114352 0.989162 324.22 0.0264098 0.992754 -0.117226 -30.1125 -0.9954 0.0369199 0.0884107 161.983
0.0950634 0.11524 0.988778 325.105 0.0252985 0.992676 -0.118126 -30.2158 -0.99515 0.0362441 0.0914518 162.072
0.0978001 0.116846 0.988323 325.997 0.0237333 0.992527 -0.119692 -30.3095 -0.994923 0.0351621 0.0942961 162.167
0.100026 0.117986 0.987965 326.893 0.0214765 0.992457 -0.120696 -30.4102 -0.994753 0.0332908 0.0967374 162.261
0.102397 0.118494 0.987661 327.783 0.0193954 0.992453 -0.12108 -30.511 -0.994555 0.0315544 0.0993261 162.349
0.104969 0.116987 0.987571 328.698 0.0185781 0.992653 -0.119564 -30.6183 -0.994302 0.0308976 0.102024 162.449
0.106682 0.114364 0.987694 329.601 0.0184662 0.992964 -0.116968 -30.7211 -0.994122 0.0307174 0.10382 162.544
0.108061 0.111556 0.987865 330.508 0.0191336 0.993267 -0.114259 -30.8211 -0.99396 0.0312483 0.105199 162.646
0.109186 0.111107 0.987792 331.426 0.0200301 0.993286 -0.113939 -30.9191 -0.99382 0.0322262 0.106227 162.745
0.11016 0.113175 0.987449 332.322 0.0213271 0.992998 -0.11619 -31.0297 -0.993685 0.0338589 0.106975 162.845
0.110687 0.112501 0.987467 333.229 0.020521 0.993102 -0.115443 -31.1263 -0.993644 0.0330419 0.107615 162.951
0.110856 0.110856 0.987634 334.152 0.0185358 0.993356 -0.113579 -31.2273 -0.993664 0.0308974 0.108064 163.06
0.110218 0.109352 0.987874 335.062 0.0169149 0.993579 -0.111871 -31.3284 -0.993764 0.02904 0.107661 163.168
0.111303 0.110436 0.987631 335.957 0.0142859 0.993526 -0.112705 -31.4276 -0.993684 0.0266536 0.109004 163.279
0.111171 0.111605 0.987515 336.851 0.0137383 0.993407 -0.113818 -31.5271 -0.993706 0.02622 0.108905 163.383
0.11181 0.111876 0.987412 337.766 0.0133465 0.993384 -0.114064 -31.6275 -0.99364 0.025932 0.109577 163.486
0.112209 0.112379 0.98731 338.659 0.0125119 0.993346 -0.114488 -31.7274 -0.993606 0.0251997 0.110056 163.582
0.112802 0.11308 0.987162 339.564 0.0123626 0.993266 -0.115191 -31.8305 -0.993541 0.0251976 0.110644 163.686
0.113236 0.11308 0.987112 340.455 0.0121727 0.99327 -0.115182 -31.9289 -0.993494 0.0250586 0.111097 163.793
0.113616 0.111528 0.987245 341.334 0.0123338 0.993445 -0.113648 -32.0252 -0.993448 0.0250887 0.111495 163.889
0.112779 0.112387 0.987244 342.226 0.0123967 0.993346 -0.114497 -32.1306 -0.993543 0.0251515 0.110635 164.007
0.113339 0.114452 0.986942 343.1 0.0120089 0.993113 -0.116547 -32.2286 -0.993484 0.0250613 0.111184 164.103
0.115104 0.115969 0.986561 343.98 0.0141021 0.992871 -0.118356 -32.3287 -0.993253 0.0275358 0.112648 164.198
0.116298 0.112307 0.986844 344.871 0.0166218 0.993227 -0.114992 -32.426 -0.993075 0.0297764 0.113643 164.291
0.118051 0.109129 0.986993 345.771 0.0190676 0.993511 -0.11213 -32.5254 -0.992824 0.0320566 0.115204 164.395
0.120143 0.110429 0.986596 346.645 0.0232271 0.993209 -0.113998 -32.6227 -0.992485 0.0366118 0.116762 164.497
0.123166 0.115761 0.985611 347.506 0.0279577 0.992374 -0.120049 -32.7246 -0.991992 0.0423414 0.11899 164.598
0.126729 0.118512 0.984832 348.406 0.0307731 0.99189 -0.123321 -32.8272 -0.99146 0.0459348 0.122055 164.704
0.129337 0.117845 0.984573 349.284 0.0336242 0.991821 -0.12313 -32.9361 -0.991031 0.0490307 0.124316 164.816
0.133207 0.117129 0.984143 350.167 0.0355642 0.991787 -0.122853 -33.0365 -0.99045 0.051365 0.127947 164.919
0.137066 0.119483 0.983329 351.045 0.0351883 0.991485 -0.125379 -33.1456 -0.989937 0.0517869 0.131694 165.032
0.1406 0.119326 0.982849 351.916 0.0353222 0.991474 -0.125426 -33.2537 -0.989436 0.0523513 0.135187 165.157
0.144805 0.115752 0.982666 352.813 0.0342256 0.991953 -0.12189 -33.3611 -0.988868 0.0512826 0.139678 165.287
0.148944 0.111172 0.982576 353.688 0.0329901 0.992548 -0.117301 -33.4659 -0.988295 0.0498866 0.144167 165.418
0.153104 0.11028 0.982037 354.56 0.0305141 0.992752 -0.11624 -33.5623 -0.987739 0.0477628 0.148629 165.563
0.158641 0.109635 0.98123 355.44 0.0283851 0.992899 -0.115528 -33.664 -0.986928 0.0461797 0.154402 165.707
0.163646 0.109039 0.980475 356.321 0.0267087 0.993019 -0.114892 -33.7617 -0.986158 0.0449889 0.159591 165.863
0.170288 0.108864 0.979362 357.186 0.0254412 0.993062 -0.11481 -33.8578 -0.985066 0.0444669 0.166337 166.014
0.176811 0.109772 0.978104 358.069 0.0233145 0.993015 -0.11566 -33.9617 -0.983969 0.043254 0.173016 166.184
0.185111 0.110747 0.976457 358.928 0.0209151 0.992961 -0.116584 -34.0588 -0.982495 0.0420036 0.181491 166.352
0.194305 0.111755 0.974554 359.813 0.0186212 0.99289 -0.11757 -34.1598 -0.980764 0.0409919 0.190843 166.537
0.203489 0.112267 0.972619 360.686 0.0165995 0.992866 -0.118077 -34.2593 -0.978937 0.0401724 0.200173 166.719
0.212483 0.112184 0.970704 361.559 0.0149082 0.9929 -0.118013 -34.3621 -0.977051 0.0395472 0.209302 166.909
0.22182 0.111884 0.968647 362.423 0.0128956 0.992972 -0.117647 -34.462 -0.975002 0.0385878 0.218818 167.11
0.230874 0.111679 0.966553 363.307 0.0107956 0.993036 -0.117318 -34.5659 -0.972924 0.0375202 0.228061 167.321
0.238412 0.111061 0.964793 364.156 0.00944446 0.993127 -0.116656 -34.6671 -0.971118 0.0369242 0.235725 167.537
0.245552 0.110684 0.963044 365.028 0.00743893 0.993216 -0.116049 -34.7695 -0.969355 0.03566 0.243063 167.766
0.251482 0.110946 0.961482 365.902 0.00588831 0.993214 -0.116148 -34.8676 -0.967844 0.0348706 0.249122 167.997
0.257016 0.111373 0.959968 366.77 0.00453709 0.993187 -0.116442 -34.9723 -0.966396 0.0342828 0.25476 168.232
0.261509 0.110974 0.9588 367.639 0.00387639 0.99324 -0.116018 -35.0747 -0.965193 0.0340564 0.259311 168.472
0.266111 0.110985 0.957532 368.513 0.00278734 0.993257 -0.115901 -35.1754 -0.963938 0.0335114 0.264007 168.721
0.270249 0.110866 0.956386 369.376 0.00252172 0.993263 -0.115854 -35.2726 -0.962787 0.033721 0.268148 168.969
0.274606 0.111004 0.955128 370.254 0.00246286 0.99323 -0.11614 -35.3759 -0.961554 0.0342451 0.272474 169.223
0.279271 0.110596 0.953822 371.12 0.002132 0.993271 -0.115794 -35.4744 -0.96021 0.0343715 0.277156 169.479
0.283321 0.109418 0.952763 371.988 0.00179271 0.993408 -0.114619 -35.5746 -0.959023 0.0341822 0.281258 169.746
0.288337 0.107756 0.951446 372.873 0.000740084 0.993622 -0.112756 -35.6739 -0.957529 0.033216 0.286418 170.013
0.292759 0.105256 0.950375 373.738 0.0010924 0.993885 -0.110412 -35.7739 -0.956186 0.0333622 0.290854 170.279
0.297448 0.103079 0.949157 374.594 0.000620698 0.994134 -0.108158 -35.872 -0.954738 0.0327604 0.295639 170.55
0.301601 0.101536 0.948012 375.449 -0.000373733 0.994326 -0.106377 -35.9639 -0.953434 0.0317292 0.299927 170.826
0.305924 0.101704 0.946608 376.327 -0.000738895 0.994303 -0.10659 -36.0596 -0.952056 0.031909 0.304256 171.11
0.310632 0.104591 0.944758 377.16 -0.00246653 0.994013 -0.109233 -36.1592 -0.950527 0.0316009 0.30903 171.382
0.314729 0.107676 0.943054 377.987 -0.00498115 0.993718 -0.111799 -36.2506 -0.949169 0.0304887 0.313288 171.669
0.318753 0.108256 0.941635 378.828 -0.00681686 0.993692 -0.111933 -36.3489 -0.947813 0.0292602 0.317481 171.963
0.322169 0.104702 0.940874 379.666 -0.0084741 0.994144 -0.107729 -36.4403 -0.946644 0.0267338 0.32117 172.255
0.324279 0.101921 0.940455 380.479 -0.011508 0.99453 -0.103813 -36.5294 -0.945892 0.0228416 0.323678 172.546
0.325927 0.10307 0.939759 381.297 -0.0152153 0.994482 -0.103795 -36.6204 -0.945272 0.019531 0.325697 172.84
0.326474 0.108467 0.938962 382.129 -0.0187261 0.993941 -0.108307 -36.7132 -0.945021 0.0177764 0.326527 173.141
0.327539 0.113114 0.938042 382.935 -0.0206006 0.993427 -0.112599 -36.8014 -0.944613 0.0175565 0.327716 173.436
0.327801 0.113278 0.937931 383.733 -0.0221397 0.993434 -0.112244 -36.8984 -0.944487 0.0160282 0.328157 173.719
0.327979 0.109866 0.938274 384.542 -0.0248106 0.993873 -0.107703 -36.9885 -0.944359 0.0120453 0.328696 174.011
0.32827 0.10597 0.938621 385.345 -0.0272418 0.994336 -0.102733 -37.0747 -0.944191 0.0081544 0.329298 174.298
0.328416 0.104005 0.93879 386.132 -0.0283039 0.994556 -0.100282 -37.1599 -0.944109 0.00636278 0.329572 174.578
0.32744 0.10371 0.939163 386.915 -0.0284488 0.99459 -0.0999118 -37.2419 -0.944444 0.00599705 0.328619 174.857
0.326729 0.104358 0.939339 387.695 -0.0281067 0.994519 -0.100712 -37.325 -0.9447 0.00650366 0.327871 175.142
0.326786 0.105321 0.939211 388.482 -0.0284134 0.994417 -0.101625 -37.4061 -0.944671 0.00652351 0.327954 175.416
0.326115 0.10194 0.939818 389.272 -0.0229081 0.994729 -0.0999473 -37.4803 -0.945053 0.0110648 0.326731 175.684
0.326175 0.0998692 0.940019 390.049 -0.0210403 0.994924 -0.0984017 -37.5641 -0.945075 0.0123178 0.32662 175.949
0.32542 0.10188 0.940065 390.836 -0.0212595 0.994716 -0.100443 -37.6516 -0.945331 0.012701 0.325866 176.231
0.325381 0.106119 0.939609 391.608 -0.0191619 0.994219 -0.105651 -37.7311 -0.945389 0.0163721 0.325533 176.505
0.32529 0.110443 0.939142 392.385 -0.018709 0.993713 -0.110381 -37.8185 -0.945429 0.0183353 0.325312 176.769
0.324613 0.109904 0.93944 393.187 -0.0194523 0.993792 -0.109541 -37.895 -0.945647 0.0172841 0.324736 177.047
0.324287 0.10632 0.939965 393.983 -0.018997 0.994195 -0.1059 -37.9837 -0.945768 0.0164856 0.324425 177.326
0.323954 0.105911 0.940126 394.793 -0.0195972 0.994252 -0.105256 -38.0715 -0.94587 0.0156743 0.324167 177.605
0.323371 0.107457 0.940151 395.595 -0.0193324 0.994074 -0.10697 -38.1509 -0.946075 0.0164158 0.323532 177.891
0.323834 0.110371 0.939654 396.408 -0.0183836 0.993719 -0.110386 -38.241 -0.945935 0.0184724 0.323829 178.176
0.324161 0.111534 0.939404 397.226 -0.0177756 0.993568 -0.111831 -38.3277 -0.945835 0.0195529 0.324059 178.458
0.323835 0.110299 0.939662 398.051 -0.0177155 0.993714 -0.110539 -38.4142 -0.945948 0.0191497 0.323754 178.744
0.324444 0.107217 0.939809 398.894 -0.0166847 0.994049 -0.107645 -38.5042 -0.945758 0.0192444 0.324302 179.038
0.324809 0.106421 0.939773 399.738 -0.0129339 0.994056 -0.108097 -38.5963 -0.945691 0.0229561 0.324254 179.335
0.325466 0.106581 0.939528 400.569 -0.00968862 0.993951 -0.109399 -38.6853 -0.945504 0.0265029 0.32453 179.616
0.326383 0.106339 0.939237 401.419 -0.00605796 0.993867 -0.110419 -38.7805 -0.945218 0.0303489 0.325025 179.906
0.328091 0.1045 0.938848 402.284 -0.00326113 0.993982 -0.109497 -38.8703 -0.94464 0.0328634 0.326458 180.196
0.32979 0.103053 0.938413 403.13 0.00197478 0.993947 -0.109846 -38.9712 -0.944052 0.0380793 0.32759 180.481
0.331241 0.101227 0.9381 403.985 0.00587625 0.993988 -0.109333 -39.0705 -0.943528 0.041728 0.328655 180.773
0.331524 0.0986308 0.938277 404.83 0.00470546 0.994335 -0.106186 -39.1589 -0.943435 0.0396183 0.329182 181.08
0.331482 0.0933963 0.938827 405.677 0.0021406 0.995011 -0.0997414 -39.2416 -0.943459 0.0350721 0.329628 181.378
0.332812 0.089522 0.938734 406.522 0.00296303 0.995379 -0.0959745 -39.3249 -0.942989 0.034723 0.331009 181.677
0.332752 0.0900801 0.938702 407.353 0.00381983 0.99529 -0.0968645 -39.4174 -0.943007 0.0358175 0.330841 181.984
0.333871 0.0926404 0.938055 408.186 0.0035075 0.99503 -0.0995154 -39.4984 -0.942612 0.0365155 0.331887 182.271
0.334014 0.0946485 0.937804 409.018 0.00428482 0.994783 -0.101925 -39.5879 -0.942558 0.0380628 0.331866 182.576
0.335637 0.0926562 0.937423 409.852 0.00638126 0.994904 -0.100622 -39.6793 -0.94197 0.0397546 0.333336 182.864
0.336255 0.0898189 0.937478 410.689 0.00843281 0.995115 -0.0983656 -39.7658 -0.941733 0.0409815 0.333855 183.16
0.336744 0.0884713 0.937431 411.52 0.00841126 0.995254 -0.0969499 -39.8496 -0.941559 0.0405323 0.334402 183.461
0.336155 0.0891752 0.937575 412.331 0.00691524 0.995247 -0.0971399 -39.9393 -0.941781 0.0391377 0.333941 183.764
0.334795 0.089533 0.938028 413.106 0.00622971 0.995244 -0.0972176 -40.0144 -0.94227 0.0383916 0.332645 184.059
0.334943 0.0880055 0.938119 413.908 0.00664556 0.995383 -0.0957502 -40.0944 -0.942215 0.0383052 0.332812 184.333
0.334082 0.0848463 0.938717 414.691 0.00846908 0.99563 -0.0930044 -40.1775 -0.942506 0.0390212 0.331903 184.614
0.332417 0.0832137 0.939454 415.456 0.00869257 0.995787 -0.0912792 -40.2551 -0.943092 0.0385091 0.330293 184.889
0.331633 0.0826334 0.939783 416.212 0.00946163 0.995815 -0.090899 -40.3266 -0.943361 0.039037 0.329463 185.153
0.33074 0.0842652 0.939952 416.99 0.0103874 0.99562 -0.0929107 -40.4067 -0.943665 0.0404929 0.328416 185.422
0.329509 0.0885253 0.939993 417.735 0.0103825 0.995195 -0.0973636 -40.4819 -0.944095 0.0418417 0.327006 185.678
0.327705 0.0938514 0.940107 418.466 0.00852627 0.99472 -0.102276 -40.5628 -0.944742 0.0415318 0.325175 185.945
0.326731 0.0983764 0.939983 419.198 0.00760975 0.994262 -0.106702 -40.6391 -0.945087 0.0420159 0.324108 186.206
0.325735 0.0995174 0.940209 419.932 0.00720077 0.994155 -0.107722 -40.7221 -0.945434 0.0418591 0.323115 186.454
0.324595 0.0957018 0.940999 420.668 0.0070869 0.994594 -0.103597 -40.8045 -0.945827 0.0402959 0.322162 186.706
0.322872 0.0913101 0.942028 421.39 0.00749765 0.995057 -0.09902 -40.8728 -0.946413 0.0390338 0.320592 186.962
0.322897 0.089143 0.942227 422.128 0.0094807 0.9952 -0.0974037 -40.9501 -0.946387 0.0403843 0.320502 187.206
0.321752 0.0896092 0.942574 422.834 0.0105784 0.995109 -0.0982146 -41.0309 -0.946765 0.0415717 0.319231 187.449
0.321844 0.0911894 0.942391 423.554 0.0105746 0.994943 -0.099886 -41.1029 -0.946734 0.0421132 0.319252 187.698
0.320962 0.0923948 0.942575 424.254 0.0110013 0.994799 -0.10126 -41.1753 -0.947028 0.0428701 0.318276 187.946
0.320642 0.0923976 0.942683 424.96 0.0119738 0.994756 -0.101574 -41.2501 -0.947125 0.0438565 0.317854 188.184
0.321094 0.0929595 0.942474 425.677 0.013626 0.994614 -0.102745 -41.3248 -0.946949 0.0458327 0.318098 188.426
0.321455 0.0941714 0.942231 426.398 0.014361 0.994443 -0.104289 -41.3996 -0.946816 0.0470557 0.318316 188.665
0.321569 0.0960013 0.942007 427.097 0.0131863 0.994297 -0.105832 -41.4722 -0.946794 0.0464537 0.318469 188.904
0.3211 0.0956668 0.942201 427.803 0.0140625 0.994293 -0.105749 -41.5505 -0.946941 0.0472056 0.317923 189.155
0.321749 0.0946782 0.942079 428.529 0.0138548 0.994411 -0.104669 -41.6278 -0.946724 0.0467295 0.318639 189.391
0.323115 0.0929332 0.941786 429.257 0.0146246 0.994557 -0.103158 -41.7062 -0.946247 0.0471052 0.319997 189.639
0.324212 0.0914048 0.941558 429.959 0.0148068 0.994709 -0.101663 -41.7799 -0.945869 0.0469019 0.321143 189.877
0.325388 0.089204 0.941363 430.663 0.0155601 0.9949 -0.0996556 -41.8528 -0.945452 0.0470745 0.322341 190.125
0.32719 0.0877271 0.940878 431.355 0.0158556 0.995031 -0.0982902 -41.9263 -0.944826 0.0470777 0.324173 190.367
0.329665 0.0881337 0.939975 432.053 0.0145551 0.99504 -0.0984014 -42.0007 -0.943986 0.0461209 0.326747 190.612
0.331867 0.0896096 0.93906 432.733 0.0129396 0.994952 -0.0995159 -42.0723 -0.943238 0.045177 0.329032 190.861
0.332534 0.0902568 0.938763 433.385 0.0122501 0.994913 -0.0999946 -42.1435 -0.943012 0.0447515 0.329736 191.105
0.334529 0.090227 0.938056 434.029 0.0114962 0.994941 -0.0997983 -42.2104 -0.942315 0.0441695 0.3318 191.335
0.335347 0.0892969 0.937853 434.671 0.0105313 0.99508 -0.0985113 -42.28 -0.942036 0.0429123 0.332756 191.573
0.335687 0.0882183 0.937833 435.316 0.00937295 0.995243 -0.0969735 -42.3471 -0.941927 0.0413431 0.333264 191.812
0.33646 0.0876774 0.937607 435.939 0.00885374 0.995318 -0.0962511 -42.4156 -0.941656 0.040686 0.334108 192.04
0.337426 0.0877028 0.937257 436.549 0.00860374 0.995322 -0.0962336 -42.4804 -0.941313 0.0405357 0.335093 192.263
0.33877 0.0873747 0.936803 437.174 0.00892469 0.995335 -0.0960613 -42.5461 -0.940827 0.0409033 0.33641 192.484
0.340203 0.0871909 0.936301 437.774 0.00905445 0.995342 -0.0959789 -42.6084 -0.940308 0.04113 0.337829 192.701
0.341625 0.0866477 0.935833 438.365 0.0100589 0.995347 -0.09583 -42.6687 -0.939782 0.0421514 0.339164 192.909
0.342881 0.0867752 0.935362 438.946 0.0102507 0.995319 -0.0960952 -42.7304 -0.939323 0.0425373 0.340387 193.13
0.343594 0.0871833 0.935063 439.508 0.00960885 0.995303 -0.0963308 -42.7911 -0.939069 0.0420835 0.341142 193.346
0.345224 0.087667 0.934417 440.078 0.00892319 0.995276 -0.0966735 -42.8477 -0.938478 0.041712 0.342811 193.549
0.346359 0.0874675 0.934016 440.614 0.00875218 0.995299 -0.0964521 -42.9057 -0.938061 0.0415817 0.343965 193.75
0.347387 0.087448 0.933635 441.161 0.00856996 0.995305 -0.0964129 -42.9638 -0.937683 0.0414938 0.345006 193.956
0.348211 0.0870409 0.933366 441.678 0.00704747 0.995409 -0.0954559 -43.0195 -0.93739 0.0398167 0.345999 194.148
0.348059 0.0863208 0.93349 442.195 0.006346 0.995512 -0.0944222 -43.0712 -0.937451 0.0387885 0.34595 194.353
0.348845 0.0858594 0.933239 442.714 0.00566586 0.995583 -0.093713 -43.1204 -0.937163 0.0379789 0.346817 194.547
0.348885 0.085186 0.933286 443.195 0.00630469 0.995624 -0.0932328 -43.1745 -0.937144 0.0384116 0.346822 194.734
0.350678 0.0859516 0.932543 443.693 0.00703099 0.99551 -0.0943991 -43.2269 -0.93647 0.0396604 0.348499 194.912
0.351325 0.0886083 0.932051 444.158 0.00566683 0.995292 -0.0967565 -43.2822 -0.936236 0.0392748 0.349169 195.088
0.351484 0.0918447 0.931678 444.619 0.00424772 0.995009 -0.0996904 -43.33 -0.936184 0.0389971 0.34934 195.274
0.35313 0.0937844 0.930862 445.084 0.003626 0.994818 -0.101604 -43.3768 -0.935567 0.0392546 0.35096 195.448
0.353735 0.0946127 0.930548 445.529 0.0050901 0.994661 -0.103066 -43.4222 -0.935332 0.0411947 0.351365 195.617
0.354087 0.0941221 0.930464 445.948 0.00626595 0.994662 -0.103001 -43.4708 -0.935192 0.0423014 0.351607 195.776
0.353063 0.0927195 0.930994 446.372 0.00632384 0.994818 -0.101474 -43.5206 -0.935578 0.0417142 0.350647 195.938
0.351544 0.0917436 0.931665 446.79 0.00496264 0.99499 -0.0998519 -43.566 -0.936158 0.0397258 0.349327 196.098
0.350516 0.0913319 0.932093 447.181 0.0046204 0.995053 -0.0992386 -43.6073 -0.936545 0.0390913 0.34836 196.252
0.349129 0.0902114 0.932722 447.559 0.00492122 0.995165 -0.0980929 -43.6519 -0.937062 0.0388372 0.346997 196.398
0.347676 0.0901907 0.933267 447.928 0.00496456 0.995172 -0.0980227 -43.6901 -0.937602 0.0387134 0.34555 196.533
0.346511 0.0897167 0.933746 448.288 0.00504508 0.995223 -0.0974959 -43.7276 -0.938032 0.0384942 0.344403 196.669
0.345843 0.0890083 0.934061 448.652 0.00513268 0.995296 -0.0967439 -43.7648 -0.938279 0.0382524 0.343759 196.802
0.345213 0.0882054 0.93437 448.998 0.00560167 0.995362 -0.0960327 -43.8019 -0.938508 0.0383858 0.343118 196.92
0.344532 0.0874002 0.934697 449.329 0.00638849 0.995415 -0.0954326 -43.84 -0.938753 0.0388509 0.342394 197.039
0.343082 0.0870673 0.935261 449.653 0.00600778 0.995471 -0.0948763 -43.8768 -0.939286 0.0381692 0.341005 197.161
0.341329 0.0868792 0.93592 449.944 0.00479115 0.995545 -0.0941614 -43.9088 -0.939932 0.0366241 0.339392 197.287
0.340955 0.0871441 0.936032 450.25 0.00359301 0.995566 -0.0939954 -43.9365 -0.940073 0.0354114 0.33913 197.402
0.339581 0.0875999 0.936488 450.54 0.00404113 0.995508 -0.094586 -43.9623 -0.940568 0.0359041 0.337702 197.51
0.338685 0.0877164 0.936802 450.822 0.00499044 0.995463 -0.0950133 -43.9934 -0.940887 0.0368546 0.336711 197.611
0.338152 0.0890131 0.936872 451.099 0.00574252 0.995303 -0.0966373 -44.0202 -0.941074 0.0380582 0.336053 197.705
0.337516 0.0894352 0.937061 451.365 0.00567217 0.995265 -0.0970333 -44.0494 -0.941303 0.0380655 0.335411 197.804
0.337882 0.0889852 0.936972 451.65 0.00544462 0.995319 -0.0964898 -44.0766 -0.941173 0.0377037 0.335816 197.905
0.338405 0.0885074 0.936829 451.915 0.00494473 0.995386 -0.0958258 -44.1035 -0.940988 0.0370603 0.336406 198.003
0.339117 0.0883155 0.936589 452.181 0.00413986 0.995434 -0.0953632 -44.1314 -0.940735 0.0362167 0.337203 198.106
0.340309 0.0884722 0.936142 452.437 0.00285959 0.995462 -0.0951178 -44.1558 -0.940309 0.0350464 0.338512 198.207
0.342555 0.0886396 0.935307 452.693 0.001337 0.995492 -0.0948331 -44.1815 -0.939497 0.033736 0.340892 198.295
0.344585 0.0887525 0.93455 452.942 0.000587418 0.9955 -0.0947574 -44.2078 -0.938755 0.033201 0.342983 198.4
0.348987 0.0886579 0.932924 453.205 0.000560219 0.995495 -0.0948137 -44.2366 -0.937127 0.0336114 0.347365 198.501
0.355083 0.0882918 0.930656 453.475 0.000797523 0.995501 -0.094748 -44.2647 -0.934835 0.0343856 0.353415 198.601
0.36186 0.0892029 0.927955 453.731 -0.000244784 0.99542 -0.0955928 -44.2868 -0.932232 0.0343641 0.360225 198.718
0.370272 0.0898749 0.924565 453.982 -0.00141928 0.995362 -0.0961885 -44.3143 -0.928922 0.0343037 0.368682 198.838
0.382092 0.0908154 0.919651 454.253 -0.00348387 0.995294 -0.0968376 -44.3405 -0.924118 0.033797 0.380611 198.949
0.393201 0.0909717 0.914941 454.532 -0.00316909 0.995221 -0.0975919 -44.3705 -0.919447 0.0354737 0.39161 199.091
0.407315 0.0915058 0.908692 454.805 -0.00532871 0.995189 -0.0978276 -44.3942 -0.913272 0.0350045 0.405843 199.226
0.423055 0.0924262 0.901378 455.074 -0.0084278 0.995142 -0.0980851 -44.4254 -0.906065 0.0338988 0.421779 199.373
0.440493 0.0938345 0.892839 455.35 -0.0121379 0.995054 -0.0985886 -44.4526 -0.897674 0.0325904 0.439453 199.533
0.458607 0.0961387 0.883423 455.632 -0.0143902 0.994804 -0.100789 -44.4806 -0.888523 0.0335101 0.457607 199.705
0.476849 0.0974802 0.873563 455.894 -0.0158947 0.994625 -0.102313 -44.5217 -0.878841 0.0349028 0.475836 199.872
0.495812 0.0984582 0.86283 456.16 -0.0171008 0.994467 -0.103653 -44.5534 -0.868262 0.0366372 0.494752 200.046
0.515711 0.100684 0.850826 456.412 -0.0227174 0.994329 -0.103896 -44.5847 -0.856461 0.0342519 0.515074 200.216
0.529072 0.105328 0.842015 456.66 -0.0283449 0.993907 -0.106518 -44.608 -0.848103 0.0324889 0.528834 200.397
0.53485 0.110162 0.837735 456.908 -0.0349056 0.993499 -0.10836 -44.6385 -0.844226 0.0287145 0.535218 200.576
0.534415 0.112285 0.837731 457.147 -0.0375262 0.993311 -0.109199 -44.6628 -0.844389 0.0269206 0.535054 200.732
0.529852 0.11366 0.840439 457.378 -0.0388875 0.993193 -0.109801 -44.6899 -0.847198 0.0254959 0.530665 200.89
0.520357 0.113982 0.846308 457.609 -0.0381821 0.993166 -0.110284 -44.7191 -0.853095 0.0250734 0.521153 201.031
0.507507 0.113902 0.854086 457.847 -0.0354832 0.993146 -0.111363 -44.7455 -0.860917 0.0262117 0.50807 201.155
0.492845 0.112821 0.862772 458.085 -0.0308336 0.9932 -0.112264 -44.781 -0.869571 0.0287263 0.492972 201.272
0.475826 0.111618 0.872428 458.318 -0.0258002 0.993259 -0.113006 -44.8104 -0.879161 0.0312621 0.475498 201.371
0.455951 0.111654 0.882973 458.555 -0.0225537 0.99323 -0.11395 -44.8385 -0.889719 0.0320413 0.455383 201.461
0.435843 0.111152 0.893133 458.796 -0.0205628 0.993315 -0.113585 -44.8713 -0.899788 0.0311399 0.435215 201.562
0.414574 0.111102 0.903208 459.042 -0.0193495 0.993371 -0.113311 -44.9 -0.90981 0.0294993 0.413975 201.661
0.395015 0.110502 0.912005 459.293 -0.0175924 0.993467 -0.112752 -44.9294 -0.918506 0.0284945 0.394379 201.753
0.376092 0.109853 0.920048 459.559 -0.0130741 0.993478 -0.113276 -44.9616 -0.92649 0.0305735 0.375075 201.838
0.360118 0.108795 0.926541 459.834 -0.00725829 0.993473 -0.113833 -44.9954 -0.932878 0.0342683 0.358558 201.92
0.345538 0.107623 0.932213 460.09 -0.00295475 0.993521 -0.113606 -45.0334 -0.9384 0.0365008 0.343617 201.995
0.332862 0.107835 0.93679 460.357 -0.00308367 0.993559 -0.113274 -45.0617 -0.942971 0.0348157 0.33105 202.072
0.322294 0.105854 0.940703 460.604 -0.00232727 0.993814 -0.111033 -45.0921 -0.946637 0.033596 0.320547 202.159
0.313585 0.103486 0.943904 460.873 -0.000455821 0.99406 -0.108834 -45.1228 -0.94956 0.0336984 0.311769 202.226
0.307285 0.101969 0.946138 461.11 0.00109681 0.994204 -0.107506 -45.1493 -0.951617 0.0340727 0.305392 202.294
0.303878 0.10189 0.947247 461.348 0.00274082 0.994167 -0.107816 -45.1778 -0.952707 0.0353591 0.301826 202.38
0.306485 0.102343 0.946358 461.575 0.00233095 0.99412 -0.108263 -45.2018 -0.951873 0.035387 0.304444 202.453
0.311834 0.101784 0.944669 461.808 0.00343481 0.994118 -0.108246 -45.2251 -0.95013 0.0369994 0.30965 202.534
0.323012 0.0998808 0.941109 462.008 0.00500167 0.994221 -0.107234 -45.2499 -0.946382 0.0393451 0.320646 202.603
0.334304 0.0991439 0.937236 462.197 0.00391865 0.994297 -0.106578 -45.2738 -0.942457 0.0393021 0.332009 202.689
0.347491 0.101006 0.932227 462.366 -0.0019615 0.994258 -0.106995 -45.2921 -0.937681 0.0353514 0.345694 202.775
0.36201 0.103284 0.926435 462.531 -0.00781452 0.994144 -0.107779 -45.3115 -0.932142 0.0317775 0.360697 202.855
0.375554 0.103992 0.920948 462.702 -0.0119645 0.994146 -0.107379 -45.3297 -0.926723 0.0293078 0.3746 202.945
0.389646 0.101983 0.915301 462.853 -0.0142534 0.994399 -0.104729 -45.3457 -0.920854 0.027761 0.388917 203.034
0.403934 0.0996909 0.90934 462.993 -0.0129957 0.994569 -0.103262 -45.3626 -0.914696 0.0298934 0.403036 203.11
0.418827 0.0984281 0.902716 463.112 -0.00501092 0.994343 -0.106094 -45.3797 -0.908052 0.0399115 0.416951 203.163
0.434839 0.101041 0.894821 463.227 0.000193174 0.993675 -0.112297 -45.4014 -0.900508 0.0490042 0.432069 203.228
0.45098 0.103244 0.886543 463.322 -0.00244157 0.993426 -0.114449 -45.4124 -0.892531 0.0494496 0.448268 203.298
0.462707 0.104129 0.880375 463.421 -0.0110291 0.993677 -0.111733 -45.4271 -0.886443 0.0419899 0.460929 203.384
0.4764 0.104848 0.872954 463.51 -0.017922 0.993816 -0.109584 -45.4301 -0.879046 0.0365605 0.475333 203.467
0.491342 0.104266 0.864703 463.605 -0.0213103 0.99395 -0.107742 -45.4412 -0.870706 0.0345111 0.490591 203.524
0.502576 0.103092 0.858365 463.696 -0.0217038 0.994056 -0.106682 -45.4535 -0.864261 0.0349858 0.501826 203.59
0.513046 0.102562 0.852212 463.789 -0.0224981 0.994102 -0.106093 -45.4609 -0.858066 0.0352577 0.512327 203.669
0.523503 0.102309 0.845859 463.859 -0.02336 0.994115 -0.105784 -45.4681 -0.851704 0.0356189 0.522812 203.737
0.534551 0.100776 0.839107 463.924 -0.0235417 0.994255 -0.104412 -45.4755 -0.844809 0.0360598 0.533852 203.786
0.54376 0.0984017 0.833452 463.997 -0.0232576 0.994488 -0.102241 -45.4871 -0.838918 0.0362104 0.543051 203.839
0.549983 0.0990843 0.829277 464.054 -0.0251027 0.99445 -0.102171 -45.4935 -0.834798 0.0353754 0.549418 203.899
0.557344 0.103248 0.823837 464.096 -0.0317033 0.994161 -0.103146 -45.5008 -0.829676 0.0313692 0.557363 203.958
0.565909 0.109767 0.817128 464.129 -0.041583 0.993636 -0.104679 -45.5089 -0.823419 0.0252604 0.566872 204.012
0.571569 0.115079 0.812444 464.162 -0.0488211 0.993132 -0.106326 -45.5083 -0.819101 0.0211084 0.573262 204.062
0.576161 0.114351 0.809297 464.209 -0.049102 0.993219 -0.105382 -45.5143 -0.81586 0.0209787 0.577869 204.095
0.583026 0.109526 0.805037 464.256 -0.0450534 0.993705 -0.102566 -45.5205 -0.811203 0.0235287 0.584291 204.13
0.588345 0.1043 0.801855 464.299 -0.0401699 0.994192 -0.0998445 -45.5307 -0.807611 0.0265326 0.589118 204.153
0.59183 0.10209 0.799572 464.339 -0.0391039 0.994415 -0.0980243 -45.5377 -0.805114 0.0267474 0.592517 204.187
0.59657 0.103739 0.795828 464.359 -0.0427772 0.994311 -0.0975448 -45.5382 -0.80142 0.024149 0.597614 204.231
0.60112 0.106652 0.79201 464.375 -0.0482873 0.994091 -0.0972146 -45.5367 -0.797699 0.0201936 0.602718 204.26
0.603665 0.109436 0.789691 464.394 -0.0524041 0.993838 -0.097668 -45.5366 -0.795514 0.0175757 0.60568 204.291
